X	Y
0.539005899	0.5849421
0.541058344	0.583025458
0.539278086	0.58776943
0.533932501	0.580958404
0.533538787	0.582298822
0.536716552	0.581694256
0.539460659	0.590650238
0.538714995	0.584121595
0.538078201	0.58491355
0.531332809	0.582408365
0.531320892	0.581705732
0.535754689	0.585899905
0.538007451	0.581130351
0.536799659	0.584715696
0.537386094	0.585052079
0.539744612	0.588763262
0.537552606	0.585551886
0.533042396	0.587534402
0.530587003	0.583593984
0.533288344	0.588033183
0.530831459	0.584433079
0.531394373	0.585489921
0.537107709	0.587605322
0.530573388	0.588496512
0.531368485	0.583098534
0.534980873	0.585680175
0.533162248	0.584185462
0.528656631	0.584225579
0.538050504	0.58841018
0.532503119	0.584467894
0.532565117	0.585810742
0.532401495	0.585944086
0.536950329	0.587643222
0.529696104	0.583519494
0.529009855	0.585101817
0.527056483	0.583917674
0.531683463	0.588619627
0.535138644	0.590697073
0.528292542	0.58594093
0.527776776	0.585730966
0.527902166	0.585098573
0.526831019	0.58966007
0.529948742	0.588583853
0.527943013	0.591513461
0.529895551	0.585911979
0.533970315	0.591627403
0.532789378	0.589654648
0.52601644	0.586624748
0.53485557	0.586998622
0.528896508	0.58013929
0.531861796	0.5801696
0.539636942	0.581218524
0.539431445	0.579760045
0.538119024	0.578657016
0.536151087	0.582297724
0.534681857	0.58169868
0.530782973	0.580313716
0.53557997	0.585463142
0.531994513	0.583442972
0.536229803	0.584100419
0.531011232	0.576338081
0.561633915	0.561297357
0.536648652	0.580089671
0.537344038	0.582320132
0.5352329	0.584805987
0.5341522	0.58913376
0.534100392	0.588234253
0.535056213	0.588943474
0.530225415	0.579026254
0.532951567	0.587706881
0.532765663	0.58588137
0.534268187	0.588077968
0.533492755	0.590254957
0.527970869	0.586021239
0.533847433	0.590496654
0.524820579	0.585278978
0.526673223	0.583449935
0.533740547	0.586381773
0.53405349	0.588086323
0.53118755	0.588630115
0.528956916	0.585581876
0.528006501	0.584799934
0.529749059	0.589894476
0.52776294	0.585998638
0.52767269	0.58303698
0.526896315	0.583136024
0.527756626	0.583568554
0.528805136	0.587409742
0.534984092	0.588701401
0.534765456	0.590346919
0.527197477	0.589169299
0.529759662	0.590645502
0.526255849	0.589274289
0.516067075	0.588773752
0.528293856	0.587394581
0.514403122	0.583069041
0.534333446	0.586559395
0.527429403	0.58027787
0.529711912	0.577456213
0.535199228	0.579956313
0.5265086	0.582277397
0.535943255	0.584328846
0.536982483	0.587299828
0.534609128	0.583336563
0.533386926	0.580899381
0.531477831	0.582691257
0.536518599	0.585299994
0.533353605	0.586037539
0.530312921	0.579801232
0.53596191	0.586574848
0.541797504	0.581090828
0.534392364	0.578408781
0.530997016	0.58183675
0.534098273	0.580938016
0.530652861	0.581824495
0.53287936	0.588483439
0.531031352	0.582420762
0.536051792	0.587066467
0.534585428	0.579253643
0.529199935	0.582129248
0.530169092	0.581017102
0.529136086	0.581223688
0.529535499	0.58487795
0.531364864	0.588519883
0.537415629	0.587127258
0.532456148	0.582796745
0.531292597	0.583293309
0.529800006	0.582277876
0.533474737	0.585400289
0.526800972	0.584099398
0.528791608	0.58463757
0.530991284	0.590089711
0.529250681	0.58405088
0.535179125	0.589517414
0.535263596	0.587019117
0.535274485	0.587264617
0.528174238	0.584200268
0.532536122	0.591606673
0.520940503	0.583310294
0.526009708	0.586931512
0.526518668	0.584653957
0.536191422	0.590737947
0.529617093	0.584174295
0.52887557	0.585179969
0.542933203	0.594088856
0.544745362	0.593143007
0.539137957	0.588304643
0.541655541	0.593351303
0.540989121	0.581762107
0.539352114	0.58238121
0.540019367	0.584838877
0.539275125	0.586150519
0.542396658	0.592845746
0.534298602	0.584388463
0.543413388	0.592636334
0.534522065	0.585276064
0.533930605	0.581256913
0.531555715	0.583474612
0.530948027	0.582765067
0.528161909	0.585777588
0.52799502	0.583273142
0.532519015	0.585896517
0.532347698	0.585242218
0.529007696	0.586227561
0.536808018	0.581202267
0.537845456	0.587530145
0.52639774	0.586454661
0.529388914	0.585485301
0.535349539	0.59051608
0.534084057	0.590881781
0.532612269	0.589655964
0.530348101	0.590357705
0.530392635	0.584970393
0.529282892	0.584166028
0.532328179	0.590891459
0.530956363	0.591322575
0.531347961	0.590086427
0.526432265	0.587492289
0.529665807	0.589885879
0.532359307	0.594870308
0.52812438	0.586588375
0.527101861	0.584589289
0.527914992	0.586794335
0.525497198	0.586408837
0.534833341	0.593634546
0.529656324	0.588933395
0.524216135	0.586806461
0.522825011	0.589454375
0.524395036	0.586674487
0.520326707	0.588726307
0.519461718	0.587495584
0.521055944	0.591952644
0.527360555	0.585132276
0.529078866	0.582039111
0.528246097	0.585061925
0.532115692	0.583526342
0.53550816	0.583798231
0.54052099	0.583513481
0.537785201	0.582341723
0.535774077	0.58129257
0.52865536	0.584486526
0.527311052	0.584143362
0.52892816	0.585010202
0.532657237	0.591275825
0.531806695	0.582722172
0.529211503	0.58451597
0.532441103	0.582812119
0.533145414	0.583036615
0.52574988	0.584825814
0.526060884	0.586830214
0.527226604	0.586049092
0.526713321	0.587423875
0.532398633	0.584367553
0.537004778	0.58980779
0.530252315	0.584387942
0.535837784	0.591716591
0.532516894	0.589719743
0.526386221	0.585278037
0.529551686	0.592526055
0.524169089	0.587044576
0.537318434	0.590197228
0.537582148	0.58857479
0.533233036	0.585211837
0.53010635	0.587504369
0.532262743	0.590161538
0.530922442	0.592395625
0.528989236	0.593501177
0.521492083	0.586734444
0.527262112	0.586574876
0.529556283	0.588183456
0.530728197	0.586184483
0.528557562	0.587223518
0.523246903	0.58780683
0.524831353	0.588734305
0.525587123	0.592014159
0.525161599	0.592596564
0.531067459	0.592545467
0.531355307	0.595189795
0.531917134	0.592038715
0.531446754	0.593719088
0.542083648	0.586610681
0.538833434	0.587269108
0.543163501	0.585533294
0.540059083	0.587921962
0.537992208	0.584298684
0.536306313	0.584891922
0.536048727	0.58557928
0.533655617	0.585702819
0.544682231	0.58789673
0.540740895	0.589451675
0.542237124	0.586814116
0.541091056	0.589176338
0.536953981	0.584445868
0.537332763	0.586362596
0.5381927	0.583630399
0.538702595	0.584871136
0.538770596	0.591579624
0.539296276	0.589906791
0.542124401	0.588042106
0.537416178	0.589395994
0.535723143	0.589834136
0.533112337	0.588528008
0.535549363	0.587085483
0.534781845	0.58951622
0.537818923	0.589461648
0.534594914	0.589091609
0.533470017	0.585473215
0.5296725	0.583699673
0.529967284	0.586357104
0.531038231	0.585563971
0.535228968	0.589018799
0.533502381	0.589449684
0.529900891	0.587599432
0.534360129	0.592853199
0.535282239	0.589933377
0.532971774	0.590631995
0.534764117	0.590034632
0.533608901	0.591658105
0.534453473	0.590179037
0.533977717	0.589441127
0.534297779	0.593841625
0.531876222	0.59256901
0.530945411	0.592495433
0.526799862	0.593658268
0.533844727	0.592344336
0.532272	0.592716779
0.528302214	0.588032656
0.530528157	0.594339229
0.536160445	0.587332091
0.534878825	0.588249316
0.532073509	0.589755513
0.535579216	0.587798752
0.536883093	0.585421446
0.536102262	0.588049156
0.540590353	0.592166026
0.537168518	0.589628266
0.535492093	0.587981952
0.535719358	0.586021714
0.536931164	0.590163414
0.540153427	0.589315188
0.542326304	0.586224832
0.538823296	0.588168876
0.534911994	0.584507489
0.534396731	0.583261686
0.530167685	0.587419942
0.530633278	0.585430016
0.534141733	0.589934921
0.534286361	0.591905476
0.536476408	0.589999802
0.535492553	0.587554386
0.537451642	0.58956612
0.537165657	0.591651321
0.534479577	0.592221924
0.53012301	0.59170859
0.534269502	0.591709454
0.527687752	0.587568539
0.535848931	0.592004859
0.530649745	0.584697505
0.529663005	0.587406021
0.528974159	0.585768259
0.531431305	0.590993381
0.52475148	0.587485825
0.531937273	0.590450391
0.526702387	0.587484843
0.536219735	0.590137655
0.530471218	0.584981151
0.534964325	0.5891373
0.531271576	0.587641263
0.525351003	0.592029291
0.532947658	0.592367615
0.531211081	0.59193774
0.529430503	0.594029903
0.53039412	0.591371477
0.531016242	0.591812058
0.531793364	0.589585436
0.530761492	0.593596297
0.535378205	0.590446797
0.533848715	0.590323046
0.535345174	0.58664578
0.536584106	0.587090449
0.535918921	0.584645888
0.535749932	0.580510279
0.530523044	0.582040347
0.533955795	0.579928984
0.530110999	0.583912726
0.531115991	0.585749865
0.533868581	0.588544985
0.533979598	0.58934023
0.543525747	0.585049472
0.541636644	0.589917839
0.533701438	0.58255146
0.535788398	0.582533315
0.527622355	0.585602287
0.533238473	0.588230911
0.52803237	0.586145005
0.525479722	0.586787815
0.532929008	0.583516881
0.537686259	0.589759744
0.535839087	0.584722684
0.536807891	0.591883923
0.534327888	0.589059085
0.528025395	0.584426243
0.533828515	0.590547784
0.531773968	0.59227409
0.534314406	0.585870959
0.537033274	0.589858378
0.534792512	0.587812981
0.531971414	0.588025773
0.533234009	0.592014187
0.531875783	0.590874375
0.525123385	0.587882408
0.524159714	0.588829953
0.538212611	0.59069365
0.536366041	0.591464202
0.528834099	0.588601997
0.532913142	0.592694253
0.530455323	0.592672667
0.522418643	0.58825066
0.528134501	0.59190452
0.528413531	0.593519369
0.534896429	0.591781579
0.530027972	0.591845382
0.533859551	0.592806374
0.529619501	0.592685973
0.532304155	0.591680133
0.538638388	0.591368166
0.540885955	0.586529486
0.53420441	0.582618877
0.54047538	0.595615049
0.533277519	0.594105853
0.537007604	0.594183281
0.535837037	0.58995122
0.537019399	0.592393791
0.535707255	0.592636149
0.539631995	0.588249785
0.538136493	0.590355856
0.538449191	0.592842918
0.538313163	0.591391577
0.536083867	0.59235821
0.538896353	0.588863259
0.536276591	0.594313725
0.535227865	0.592883698
0.537296574	0.590940258
0.537463503	0.590479276
0.532835162	0.590542453
0.533056059	0.593003876
0.537484867	0.59059255
0.53242132	0.589444878
0.536064062	0.5927342
0.533647481	0.591164371
0.531190542	0.586884545
0.529233699	0.587975726
0.528546247	0.585375698
0.527203689	0.587454165
0.52981894	0.587064703
0.52705466	0.588188953
0.527452979	0.588526481
0.530468136	0.588349178
0.527255726	0.586131329
0.525917379	0.586905559
0.525546517	0.588328671
0.52609237	0.587273432
0.524803246	0.587711038
0.527235945	0.588101816
0.533776211	0.593685558
0.532906992	0.594446063
0.524966561	0.588378225
0.529424751	0.593927245
0.528759786	0.592588336
0.526935924	0.59355785
0.526881575	0.592335036
0.524095887	0.592648921
