variant_id	chromosome	base_pair_location	effect_allele	other_allele	effect_allele_frequency	beta	standard_error	p_value	n	ci_lower	ci_upper	odds_ratio
rs1005044	10	104152143	C	A	0.66919	0.99516	0.0122815	0.69	314633	NA	NA	NA
rs10128114	10	104089421	C	T	0.778323	0.981068	0.0139589	0.17	314633	NA	NA	NA
rs10128212	10	104089415	T	G	0.778229	0.981323	0.0139562	0.18	314633	NA	NA	NA
rs10219057	10	104280238	A	C	0.64763	0.939195	0.0120963	2.1e-07	314633	NA	NA	NA
rs1033964	10	104206837	A	T	0.408976	1.0012	0.0124888	0.92	314633	NA	NA	NA
rs1043450	10	104434209	A	G	0.677555	0.945254	0.0124185	5.8e-06	314633	NA	NA	NA
rs10437480	10	104453024	C	G	0.682081	1.06328	0.0124792	8.8e-07	314633	NA	NA	NA
rs10444022	10	104084889	A	G	0.863067	1.0335	0.0168128	0.05	314633	NA	NA	NA
rs10444069	10	104346166	T	C	0.574412	0.936849	0.0116835	2.4e-08	314633	NA	NA	NA
rs1044476	10	104184081	G	A	0.885073	0.971953	0.0181532	0.12	314633	NA	NA	NA
rs1056738	10	104236481	G	A	0.64546	0.935586	0.0120763	3.5e-08	314633	NA	NA	NA
rs1056739	10	104236542	T	C	0.645282	0.935323	0.012075	3.1e-08	314633	NA	NA	NA
rs1056740	10	104236552	C	T	0.646187	0.93549	0.0121004	3.6e-08	314633	NA	NA	NA
rs1056741	10	104236640	A	C	0.643671	0.93508	0.0120704	2.7e-08	314633	NA	NA	NA
rs1056744	10	104236687	A	G	0.457301	1.07083	0.0115955	3.6e-09	314633	NA	NA	NA
rs1056857	10	104240003	C	T	0.646727	0.939677	0.0120855	2.6e-07	314633	NA	NA	NA
rs1056890	10	104162770	G	A	0.6697	0.994619	0.0122839	0.66	314633	NA	NA	NA
rs1057050	10	104142294	G	A	0.933196	1.00196	0.0231839	0.93	314633	NA	NA	NA
rs1064072	10	104215617	C	G	0.724412	1.01657	0.0129921	0.21	314633	NA	NA	NA
rs10647487	10	104043845	A	ACT	0.77444	0.98193	0.0138535	0.19	314633	NA	NA	NA
rs10736156	10	104019447	C	A	0.156036	1.03498	0.0159467	0.031	314633	NA	NA	NA
rs10736158	10	104370023	A	G	0.57441	0.936677	0.0116837	2.2e-08	314633	NA	NA	NA
rs10748816	10	103987986	G	A	0.508429	0.989578	0.0115783	0.37	314633	NA	NA	NA
rs10748817	10	103988053	C	G	0.508368	0.989563	0.0115782	0.36	314633	NA	NA	NA
rs10748818	10	104015279	A	G	0.85437	0.988544	0.0163889	0.48	314633	NA	NA	NA
rs10748819	10	104068496	G	A	0.836636	0.992965	0.0156195	0.65	314633	NA	NA	NA
rs10748823	10	104274465	C	G	0.651181	0.939715	0.0121789	3.3e-07	314633	NA	NA	NA
rs10748824	10	104274466	T	C	0.647486	0.939028	0.0120951	2e-07	314633	NA	NA	NA
rs10748825	10	104293609	A	G	0.651514	0.941297	0.0121271	6.1e-07	314633	NA	NA	NA
rs10748826	10	104354804	T	C	0.574403	0.936887	0.0116834	2.4e-08	314633	NA	NA	NA
rs10748827	10	104368336	G	T	0.653605	0.938652	0.0121449	1.9e-07	314633	NA	NA	NA
rs10748828	10	104456794	C	T	0.318051	0.9406	0.0124788	9.2e-07	314633	NA	NA	NA
rs10786662	10	103989812	G	C	0.428635	1.01446	0.0116806	0.22	314633	NA	NA	NA
rs10786663	10	104064548	A	G	0.774417	0.981718	0.0138447	0.18	314633	NA	NA	NA
rs10786665	10	104117009	T	C	0.626741	0.993733	0.0119582	0.6	314633	NA	NA	NA
rs10786666	10	104163834	G	A	0.225631	1.01203	0.0141819	0.4	314633	NA	NA	NA
rs10786667	10	104219132	T	C	0.534803	0.994132	0.011655	0.61	314633	NA	NA	NA
rs10786669	10	104256094	C	G	0.647438	0.939067	0.012094	2e-07	314633	NA	NA	NA
rs10786670	10	104270781	G	A	0.897532	0.97868	0.0190859	0.26	314633	NA	NA	NA
rs10786671	10	104271303	G	A	0.647457	0.938829	0.0120947	1.8e-07	314633	NA	NA	NA
rs10786673	10	104280537	G	A	0.647483	0.93904	0.0120951	2e-07	314633	NA	NA	NA
rs10786674	10	104285086	C	T	0.913903	0.976005	0.0206002	0.24	314633	NA	NA	NA
rs10786677	10	104313365	C	T	0.666104	0.941849	0.0122827	1.1e-06	314633	NA	NA	NA
rs10786678	10	104313395	C	T	0.586977	0.940208	0.0117588	1.6e-07	314633	NA	NA	NA
rs10786679	10	104315667	G	A	0.718732	0.946231	0.0128867	1.8e-05	314633	NA	NA	NA
rs10786680	10	104317192	T	C	0.574447	0.9368	0.0116842	2.3e-08	314633	NA	NA	NA
rs10786681	10	104317357	G	T	0.574446	0.936805	0.0116842	2.3e-08	314633	NA	NA	NA
rs10786682	10	104318322	G	T	0.574469	0.936999	0.0116845	2.6e-08	314633	NA	NA	NA
rs10786683	10	104320476	G	A	0.57445	0.936785	0.0116843	2.3e-08	314633	NA	NA	NA
rs10786684	10	104323028	G	T	0.574357	0.936703	0.0116846	2.2e-08	314633	NA	NA	NA
rs10786685	10	104323103	G	A	0.574367	0.936737	0.0116847	2.2e-08	314633	NA	NA	NA
rs10786687	10	104336994	A	C	0.574407	0.936651	0.0116842	2.1e-08	314633	NA	NA	NA
rs10786689	10	104356359	T	C	0.574404	0.936885	0.0116833	2.4e-08	314633	NA	NA	NA
rs10786691	10	104364652	G	A	0.574396	0.936817	0.0116832	2.3e-08	314633	NA	NA	NA
rs10786695	10	104368756	A	C	0.574276	0.936424	0.0116871	1.9e-08	314633	NA	NA	NA
rs10786696	10	104378134	A	G	0.574453	0.936817	0.0116854	2.3e-08	314633	NA	NA	NA
rs10786697	10	104378563	G	T	0.574388	0.937179	0.0116875	2.8e-08	314633	NA	NA	NA
rs10786698	10	104378750	G	A	0.574496	0.936992	0.0116869	2.6e-08	314633	NA	NA	NA
rs10786700	10	104387735	C	T	0.920748	0.981777	0.0213867	0.39	314633	NA	NA	NA
rs10786701	10	104412308	C	T	0.920834	0.986358	0.0214072	0.52	314633	NA	NA	NA
rs10786704	10	104475010	G	T	0.700201	0.987289	0.0126695	0.31	314633	NA	NA	NA
rs1081655	10	104053595	C	T	0.627324	0.994003	0.0119525	0.61	314633	NA	NA	NA
rs10883719	10	103977898	T	C	0.839611	0.995722	0.0158421	0.79	314633	NA	NA	NA
rs10883720	10	104010971	G	C	0.834922	0.993852	0.0155704	0.69	314633	NA	NA	NA
rs10883723	10	104225832	T	C	0.646118	0.936729	0.0120762	6.2e-08	314633	NA	NA	NA
rs10883725	10	104235956	G	C	0.645333	0.935515	0.0120755	3.4e-08	314633	NA	NA	NA
rs10883726	10	104236276	C	T	0.645268	0.935328	0.0120745	3.1e-08	314633	NA	NA	NA
rs10883728	10	104269301	G	A	0.647451	0.938866	0.0120947	1.8e-07	314633	NA	NA	NA
rs10883729	10	104273943	A	G	0.64757	0.939378	0.0120969	2.3e-07	314633	NA	NA	NA
rs10883731	10	104293127	G	A	0.9211	0.977729	0.0214287	0.29	314633	NA	NA	NA
rs10883732	10	104293461	G	A	0.651514	0.941297	0.0121271	6.1e-07	314633	NA	NA	NA
rs10883733	10	104302203	T	A	0.472415	1.04897	0.0121881	8.8e-05	314633	NA	NA	NA
rs10883735	10	104308446	C	T	0.920964	0.978441	0.0214146	0.31	314633	NA	NA	NA
rs10883736	10	104320029	G	T	0.574456	0.936807	0.0116845	2.3e-08	314633	NA	NA	NA
rs10883737	10	104320898	C	G	0.921008	0.978371	0.0214173	0.31	314633	NA	NA	NA
rs10883738	10	104321721	T	C	0.57437	0.936732	0.0116847	2.2e-08	314633	NA	NA	NA
rs10883739	10	104331986	A	G	0.574809	0.937117	0.011692	2.8e-08	314633	NA	NA	NA
rs10883740	10	104334822	A	C	0.921094	0.978092	0.021433	0.3	314633	NA	NA	NA
rs10883743	10	104338389	T	C	0.574424	0.936943	0.0116837	2.5e-08	314633	NA	NA	NA
rs10883744	10	104347247	A	G	0.574412	0.936849	0.0116835	2.4e-08	314633	NA	NA	NA
rs10883753	10	104372441	C	T	0.574568	0.936761	0.0116851	2.3e-08	314633	NA	NA	NA
rs10883756	10	104400112	T	C	0.395329	1.05854	0.0118261	1.5e-06	314633	NA	NA	NA
rs10883757	10	104400133	C	T	0.920578	0.982868	0.0213743	0.42	314633	NA	NA	NA
rs10883759	10	104412049	G	A	0.689447	0.998639	0.0125038	0.91	314633	NA	NA	NA
rs10883760	10	104419465	G	T	0.919651	0.991326	0.0212727	0.68	314633	NA	NA	NA
rs10883761	10	104420018	A	G	0.919663	0.991486	0.0212788	0.69	314633	NA	NA	NA
rs10883762	10	104420516	T	C	0.713968	0.99791	0.0127814	0.87	314633	NA	NA	NA
rs10883765	10	104456686	T	C	0.919671	0.988066	0.021262	0.57	314633	NA	NA	NA
rs10883766	10	104464763	G	A	0.9197	0.988451	0.0212588	0.58	314633	NA	NA	NA
rs10883767	10	104468583	A	G	0.919184	0.986879	0.0211911	0.53	314633	NA	NA	NA
rs111352561	10	104296046	G	C	0.881096	1.04451	0.0179693	0.015	314633	NA	NA	NA
rs111409433	10	104037425	C	T	0.981266	0.983179	0.0426036	0.69	314633	NA	NA	NA
rs111415964	10	104150454	A	G	0.981094	0.99061	0.0424819	0.82	314633	NA	NA	NA
rs111503247	10	104234781	G	GC	0.644956	0.93581	0.0120763	3.9e-08	314633	NA	NA	NA
rs111522958	10	104181006	G	C	0.981044	0.993071	0.0424536	0.87	314633	NA	NA	NA
rs111596223	10	104025716	C	T	0.960786	0.977796	0.0302562	0.46	314633	NA	NA	NA
rs111604275	10	104266259	C	T	0.952313	1.05554	0.0282704	0.056	314633	NA	NA	NA
rs111763328	10	104078908	A	C	0.98131	0.986574	0.0426456	0.75	314633	NA	NA	NA
rs111763415	10	104330296	T	TTTTG	0.575771	0.937499	0.0117295	3.7e-08	314633	NA	NA	NA
rs111838584	10	104338996	T	C	0.987206	1.09479	0.0534781	0.09	314633	NA	NA	NA
rs11191240	10	103978925	T	A	0.647221	1.03102	0.0121063	0.012	314633	NA	NA	NA
rs11191242	10	103983087	T	C	0.508281	0.989888	0.0115805	0.38	314633	NA	NA	NA
rs11191243	10	103993035	G	A	0.795546	0.977782	0.014349	0.12	314633	NA	NA	NA
rs11191245	10	104012677	T	C	0.372698	1.00639	0.0119567	0.59	314633	NA	NA	NA
rs11191250	10	104034780	T	C	0.796372	1.02616	0.0143444	0.072	314633	NA	NA	NA
rs11191251	10	104038543	G	A	0.980737	1.02195	0.042355	0.61	314633	NA	NA	NA
rs11191252	10	104060060	G	C	0.837027	0.994559	0.0156412	0.73	314633	NA	NA	NA
rs11191253	10	104066507	A	T	0.863045	1.0328	0.0168124	0.055	314633	NA	NA	NA
rs11191257	10	104081357	C	A	0.980547	1.02323	0.0420821	0.59	314633	NA	NA	NA
rs11191264	10	104096732	A	T	0.796239	1.02454	0.0143411	0.091	314633	NA	NA	NA
rs11191265	10	104102118	G	A	0.862854	1.03337	0.0167981	0.051	314633	NA	NA	NA
rs11191266	10	104108414	G	A	0.966104	1.01138	0.0318567	0.72	314633	NA	NA	NA
rs11191267	10	104112737	T	C	0.626551	0.993952	0.0119514	0.61	314633	NA	NA	NA
rs11191268	10	104115262	G	A	0.964579	0.991402	0.0317924	0.79	314633	NA	NA	NA
rs11191269	10	104120522	C	G	0.796309	1.02439	0.0143502	0.093	314633	NA	NA	NA
rs11191270	10	104124605	C	T	0.797366	1.0249	0.0143792	0.087	314633	NA	NA	NA
rs11191274	10	104140350	G	A	0.866166	1.03147	0.0169593	0.068	314633	NA	NA	NA
rs11191275	10	104142800	C	T	0.864957	1.03328	0.0169079	0.053	314633	NA	NA	NA
rs11191279	10	104161221	C	T	0.980658	1.02644	0.0423798	0.54	314633	NA	NA	NA
rs11191283	10	104163569	G	A	0.670174	0.994883	0.0122908	0.68	314633	NA	NA	NA
rs11191284	10	104164210	G	C	0.77551	0.98902	0.0138444	0.43	314633	NA	NA	NA
rs11191286	10	104199573	C	T	0.774342	0.981805	0.0138257	0.18	314633	NA	NA	NA
rs11191288	10	104201598	C	T	0.682768	1.00179	0.0124612	0.89	314633	NA	NA	NA
rs11191291	10	104213502	C	T	0.779671	1.00573	0.014044	0.68	314633	NA	NA	NA
rs11191293	10	104221539	A	G	0.463632	1.00588	0.0115994	0.61	314633	NA	NA	NA
rs11191294	10	104225837	T	G	0.646046	0.937034	0.0120753	7.2e-08	314633	NA	NA	NA
rs11191295	10	104231054	A	G	0.457266	1.07085	0.0115929	3.5e-09	314633	NA	NA	NA
rs11191296	10	104238558	G	C	0.90545	0.983755	0.0197537	0.41	314633	NA	NA	NA
rs11191299	10	104247481	C	T	0.646551	0.939378	0.0120851	2.3e-07	314633	NA	NA	NA
rs11191300	10	104247485	T	C	0.646558	0.939333	0.0120849	2.2e-07	314633	NA	NA	NA
rs11191301	10	104247681	C	T	0.646712	0.939677	0.0120853	2.6e-07	314633	NA	NA	NA
rs11191303	10	104255158	T	C	0.64742	0.939138	0.0120942	2.1e-07	314633	NA	NA	NA
rs11191304	10	104255284	C	T	0.64742	0.939096	0.0120941	2e-07	314633	NA	NA	NA
rs11191305	10	104255434	C	T	0.647423	0.939139	0.012094	2.1e-07	314633	NA	NA	NA
rs11191309	10	104270514	A	C	0.983604	0.988601	0.0468821	0.81	314633	NA	NA	NA
rs11191312	10	104278601	T	C	0.648969	0.939901	0.0121081	3.1e-07	314633	NA	NA	NA
rs11191313	10	104278618	C	T	0.648862	0.939832	0.0121092	3e-07	314633	NA	NA	NA
rs11191315	10	104279973	T	C	0.653703	0.939717	0.0122222	3.6e-07	314633	NA	NA	NA
rs11191317	10	104280124	G	A	0.965855	0.971988	0.0319134	0.37	314633	NA	NA	NA
rs11191318	10	104288252	A	C	0.965977	0.970386	0.0319396	0.35	314633	NA	NA	NA
rs11191319	10	104289503	A	C	0.965834	0.969234	0.0318694	0.33	314633	NA	NA	NA
rs11191320	10	104293394	T	C	0.651663	0.941419	0.0121285	6.4e-07	314633	NA	NA	NA
rs11191321	10	104293412	C	T	0.651663	0.941453	0.0121284	6.5e-07	314633	NA	NA	NA
rs11191323	10	104301926	G	A	0.921114	0.977524	0.0214291	0.29	314633	NA	NA	NA
rs11191325	10	104302933	G	A	0.651644	0.941602	0.0121284	7e-07	314633	NA	NA	NA
rs11191326	10	104302959	C	T	0.651526	0.941351	0.0121273	6.2e-07	314633	NA	NA	NA
rs11191327	10	104303883	T	C	0.651643	0.941335	0.0121332	6.3e-07	314633	NA	NA	NA
rs11191328	10	104305185	C	T	0.651564	0.940672	0.0121313	4.6e-07	314633	NA	NA	NA
rs11191330	10	104306160	G	T	0.651578	0.940359	0.0121286	4e-07	314633	NA	NA	NA
rs11191335	10	104317236	G	C	0.653796	0.939155	0.0121484	2.4e-07	314633	NA	NA	NA
rs11191337	10	104317785	T	G	0.921012	0.978352	0.0214177	0.31	314633	NA	NA	NA
rs11191342	10	104344450	G	A	0.6536	0.938769	0.0121446	2e-07	314633	NA	NA	NA
rs11191343	10	104345225	G	A	0.920978	0.978231	0.0214154	0.3	314633	NA	NA	NA
rs11191347	10	104351617	G	A	0.65361	0.938684	0.0121449	1.9e-07	314633	NA	NA	NA
rs11191349	10	104364542	A	G	0.982691	1.00449	0.0442396	0.92	314633	NA	NA	NA
rs11191352	10	104372244	A	G	0.574447	0.936757	0.0116844	2.3e-08	314633	NA	NA	NA
rs11191353	10	104382673	A	G	0.601246	0.944804	0.0117989	1.5e-06	314633	NA	NA	NA
rs11191355	10	104392497	T	C	0.846174	0.995653	0.0160427	0.79	314633	NA	NA	NA
rs11191356	10	104393489	A	G	0.920776	0.983257	0.0214319	0.43	314633	NA	NA	NA
rs11191358	10	104399250	C	T	0.395455	1.05871	0.0118134	1.4e-06	314633	NA	NA	NA
rs11191359	10	104401486	A	T	0.920713	0.983668	0.0213922	0.44	314633	NA	NA	NA
rs11191361	10	104411958	C	T	0.682774	0.94395	0.0124146	3.4e-06	314633	NA	NA	NA
rs11191362	10	104419235	G	A	0.713947	0.997969	0.01278	0.87	314633	NA	NA	NA
rs11191365	10	104430251	G	A	0.9197	0.993607	0.0212614	0.76	314633	NA	NA	NA
rs11191368	10	104449444	C	T	0.920123	0.98897	0.0213621	0.6	314633	NA	NA	NA
rs11191369	10	104457456	G	A	0.624391	0.955034	0.0119895	0.00012	314633	NA	NA	NA
rs11191371	10	104459897	G	C	0.682066	1.0633	0.0124786	8.7e-07	314633	NA	NA	NA
rs11191372	10	104462187	T	C	0.68207	1.06326	0.0124784	8.8e-07	314633	NA	NA	NA
rs11191373	10	104463676	G	A	0.624386	0.954907	0.0119876	0.00012	314633	NA	NA	NA
rs11191375	10	104464657	T	C	0.919699	0.988457	0.0212584	0.58	314633	NA	NA	NA
rs11191377	10	104472777	T	C	0.700367	0.98716	0.0126714	0.31	314633	NA	NA	NA
rs112004166	10	104444556	C	T	0.983508	0.979541	0.0459489	0.65	314633	NA	NA	NA
rs112009583	10	104001402	C	T	0.981283	0.98282	0.0426246	0.68	314633	NA	NA	NA
rs112016350	10	104460546	T	G	0.709123	0.955147	0.0129319	0.00039	314633	NA	NA	NA
rs112286091	10	104050392	A	G	0.981285	0.982449	0.0426056	0.68	314633	NA	NA	NA
rs112291536	10	104199214	C	T	0.980613	0.996918	0.042163	0.94	314633	NA	NA	NA
rs112325593	10	104291716	C	CT	0.669506	0.944214	0.0125672	4.9e-06	314633	NA	NA	NA
rs112466860	10	104313434	A	C	0.987346	1.08572	0.0538013	0.13	314633	NA	NA	NA
rs112560636	10	104104822	C	T	0.902054	0.985251	0.019541	0.45	314633	NA	NA	NA
rs112625444	10	104301896	G	GT	0.654806	0.939866	0.0122048	3.7e-07	314633	NA	NA	NA
rs112731942	10	104446927	C	T	0.966485	1.00755	0.0321575	0.82	314633	NA	NA	NA
rs112753219	10	104085483	T	C	0.84346	0.967593	0.0159223	0.039	314633	NA	NA	NA
rs112766449	10	104449013	T	C	0.825168	1.06421	0.0153466	5e-05	314633	NA	NA	NA
rs112809254	10	104140355	C	T	0.981472	0.993148	0.0429022	0.87	314633	NA	NA	NA
rs11282362	10	104206100	C	CATCCCTGATT	0.18219	0.966012	0.0150903	0.022	314633	NA	NA	NA
rs112896171	10	104255586	C	T	0.985692	1.02279	0.0526097	0.67	314633	NA	NA	NA
rs112901907	10	104095811	C	G	0.843832	0.965918	0.0159409	0.03	314633	NA	NA	NA
rs112942339	10	104431204	G	A	0.977899	1.05342	0.0428437	0.22	314633	NA	NA	NA
rs112968127	10	104217280	C	A	0.848359	1.01565	0.0161653	0.34	314633	NA	NA	NA
rs112972631	10	104358178	G	T	0.746354	1.00783	0.0132954	0.56	314633	NA	NA	NA
rs113136188	10	104164852	C	T	0.95985	0.977233	0.0295139	0.44	314633	NA	NA	NA
rs113189494	10	104010637	C	G	0.939209	1.09953	0.024251	9.1e-05	314633	NA	NA	NA
rs113345097	10	104217998	G	A	0.856565	1.01423	0.0165954	0.39	314633	NA	NA	NA
rs1133932	10	104215975	A	G	0.915144	1.02993	0.0210137	0.16	314633	NA	NA	NA
rs113398790	10	104094498	C	T	0.981286	0.983244	0.0426214	0.69	314633	NA	NA	NA
rs113422568	10	104337938	G	A	0.674114	1.01049	0.0123838	0.4	314633	NA	NA	NA
rs113451617	10	104266239	G	A	0.782264	1.07228	0.0139937	6.1e-07	314633	NA	NA	NA
rs113676575	10	104081381	T	C	0.939139	1.09835	0.0242517	0.00011	314633	NA	NA	NA
rs113786772	10	104124371	C	T	0.981405	0.99136	0.0428613	0.84	314633	NA	NA	NA
rs113833195	10	104408790	G	GGT	0.554863	1.03971	0.0123584	0.0016	314633	NA	NA	NA
rs11386205	10	104249623	T	TC	0.646238	0.938926	0.0120861	1.8e-07	314633	NA	NA	NA
rs11389840	10	104295241	C	CA	0.676647	0.942746	0.0124728	2.3e-06	314633	NA	NA	NA
rs113932897	10	104076039	T	C	0.98128	0.98264	0.0426122	0.68	314633	NA	NA	NA
rs11394237	10	104369039	T	TA	0.574402	0.936786	0.0116832	2.3e-08	314633	NA	NA	NA
rs11394977	10	104226408	T	TA	0.644691	0.936587	0.0120706	5.7e-08	314633	NA	NA	NA
rs11413620	10	104060733	C	CT	0.295392	1.00222	0.0129925	0.86	314633	NA	NA	NA
rs11440410	10	104190403	T	TC	0.18793	0.992971	0.0148279	0.63	314633	NA	NA	NA
rs114870238	10	104305501	C	T	0.983916	0.948056	0.0478109	0.26	314633	NA	NA	NA
rs114927933	10	104090311	C	T	0.941913	0.963463	0.0248684	0.13	314633	NA	NA	NA
rs115039829	10	104147705	A	C	0.939139	0.96869	0.0242194	0.19	314633	NA	NA	NA
rs11574849	10	104159696	G	A	0.94057	0.970055	0.0245191	0.21	314633	NA	NA	NA
rs11574851	10	104160959	C	T	0.944055	1.04447	0.0252318	0.085	314633	NA	NA	NA
rs11574852	10	104161475	A	C	0.962018	0.908741	0.0302603	0.0016	314633	NA	NA	NA
rs11574853	10	104161796	T	A	0.981012	0.989204	0.0424214	0.8	314633	NA	NA	NA
rs11591372	10	104064102	C	T	0.821229	1.00482	0.0150776	0.75	314633	NA	NA	NA
rs11591571	10	104342804	G	A	0.659155	1.0147	0.0122047	0.23	314633	NA	NA	NA
rs11591681	10	104313377	C	T	0.683688	1.00561	0.0124765	0.65	314633	NA	NA	NA
rs11591780	10	104225316	C	G	0.50675	1.05358	0.0115629	6.4e-06	314633	NA	NA	NA
rs11592299	10	104225941	G	A	0.793262	1.01199	0.0142787	0.4	314633	NA	NA	NA
rs11592334	10	104278693	G	A	0.453535	1.06738	0.0116035	1.9e-08	314633	NA	NA	NA
rs11592574	10	104117404	T	C	0.819199	1.00639	0.0150179	0.67	314633	NA	NA	NA
rs11592582	10	104066239	G	A	0.821443	1.00555	0.0150878	0.71	314633	NA	NA	NA
rs11592718	10	104192691	T	C	0.807499	1.02194	0.0147051	0.14	314633	NA	NA	NA
rs11593061	10	104398288	A	G	0.731084	1.00717	0.0130441	0.58	314633	NA	NA	NA
rs11593146	10	104184981	A	G	0.669158	0.995155	0.0122814	0.69	314633	NA	NA	NA
rs11593526	10	104228017	C	A	0.458499	1.07129	0.0115921	2.8e-09	314633	NA	NA	NA
rs11593583	10	104228149	G	A	0.457892	1.07206	0.0115914	1.9e-09	314633	NA	NA	NA
rs11593589	10	104228299	C	A	0.457859	1.07221	0.0115916	1.8e-09	314633	NA	NA	NA
rs11593710	10	104328719	A	C	0.669527	1.05032	0.0146554	0.00081	314633	NA	NA	NA
rs11593971	10	104234090	C	G	0.457136	1.07106	0.0115959	3.2e-09	314633	NA	NA	NA
rs11594073	10	104308193	T	C	0.427529	1.06616	0.0116764	4.1e-08	314633	NA	NA	NA
rs11594179	10	104392580	C	T	0.763583	1.01003	0.0136213	0.46	314633	NA	NA	NA
rs11594302	10	104186829	A	G	0.819131	1.01062	0.0150296	0.48	314633	NA	NA	NA
rs11594344	10	104011330	A	G	0.975156	0.992679	0.0375819	0.84	314633	NA	NA	NA
rs11594914	10	104060756	T	A	0.784074	1.01864	0.014039	0.19	314633	NA	NA	NA
rs11595149	10	104235978	C	T	0.45722	1.07093	0.0115944	3.4e-09	314633	NA	NA	NA
rs11595170	10	104339851	T	C	0.425782	1.06764	0.0116837	2.1e-08	314633	NA	NA	NA
rs11595791	10	104048496	A	C	0.872948	0.988268	0.0174323	0.5	314633	NA	NA	NA
rs11596235	10	104391034	C	T	0.688648	1.01277	0.012482	0.31	314633	NA	NA	NA
rs11597024	10	104104869	T	C	0.875916	0.986964	0.0175389	0.45	314633	NA	NA	NA
rs11597058	10	104201995	A	G	0.794756	1.01353	0.0143155	0.35	314633	NA	NA	NA
rs11597439	10	104184953	C	G	0.669239	0.995024	0.0122809	0.68	314633	NA	NA	NA
rs11597939	10	104009503	C	A	0.781984	1.0184	0.0139919	0.19	314633	NA	NA	NA
rs11598092	10	104274329	G	C	0.696554	1.01696	0.0125673	0.18	314633	NA	NA	NA
rs11598128	10	104246221	C	T	0.455869	1.06702	0.0115958	2.2e-08	314633	NA	NA	NA
rs11598184	10	104246303	G	A	0.455845	1.06692	0.0115963	2.3e-08	314633	NA	NA	NA
rs11598186	10	104246318	G	A	0.70112	1.01543	0.012615	0.22	314633	NA	NA	NA
rs11598473	10	104056428	G	A	0.821137	1.00482	0.0150707	0.75	314633	NA	NA	NA
rs11598715	10	104246927	C	T	0.968126	0.993696	0.0333003	0.85	314633	NA	NA	NA
rs11598806	10	104247236	G	A	0.968429	0.99235	0.0334642	0.82	314633	NA	NA	NA
rs11598815	10	104330077	C	T	0.425715	1.06768	0.0116837	2.1e-08	314633	NA	NA	NA
rs11598884	10	104234588	A	G	0.702853	1.02011	0.012645	0.12	314633	NA	NA	NA
rs11599295	10	103978333	T	A	0.820763	1.00217	0.0150775	0.89	314633	NA	NA	NA
rs11599868	10	104201381	A	G	0.794758	1.01349	0.0143155	0.35	314633	NA	NA	NA
rs116093870	10	103984390	T	C	0.93236	1.00311	0.0230152	0.89	314633	NA	NA	NA
rs116239977	10	104272710	A	T	0.974552	1.03172	0.0367542	0.4	314633	NA	NA	NA
rs116912499	10	104222558	C	G	0.979037	1.01697	0.0405094	0.68	314633	NA	NA	NA
rs116913838	10	104409735	C	T	0.989374	1.04759	0.0577039	0.42	314633	NA	NA	NA
rs116928769	10	104464436	A	G	0.972948	1.00339	0.0380769	0.93	314633	NA	NA	NA
rs116963179	10	104429143	T	C	0.989233	1.03705	0.0572324	0.52	314633	NA	NA	NA
rs117016725	10	104049281	A	T	0.958148	1.09806	0.0289412	0.0012	314633	NA	NA	NA
rs117027139	10	104458243	C	T	0.961715	1.00859	0.0310498	0.78	314633	NA	NA	NA
rs117098522	10	104252577	A	C	0.958938	1.00447	0.029169	0.88	314633	NA	NA	NA
rs117104675	10	104121131	C	A	0.974632	0.99415	0.0371817	0.87	314633	NA	NA	NA
rs117132407	10	104436772	G	A	0.965982	0.96478	0.0322795	0.27	314633	NA	NA	NA
rs117169851	10	104263513	G	A	0.959666	0.96809	0.0293542	0.27	314633	NA	NA	NA
rs117196884	10	104391584	A	G	0.98644	0.995608	0.0500289	0.93	314633	NA	NA	NA
rs117283737	10	104325942	G	A	0.980164	0.962128	0.0419771	0.36	314633	NA	NA	NA
rs117305908	10	104208458	C	T	0.954248	1.08201	0.0276273	0.0043	314633	NA	NA	NA
rs117318434	10	104338489	A	G	0.982993	1.05701	0.044857	0.22	314633	NA	NA	NA
rs117345621	10	104447013	C	T	0.988396	0.985611	0.0566608	0.8	314633	NA	NA	NA
rs117356225	10	104431918	G	A	0.981971	0.989807	0.0434672	0.81	314633	NA	NA	NA
rs117407459	10	104375002	C	G	0.988183	1.04358	0.0534887	0.43	314633	NA	NA	NA
rs117436403	10	104176471	C	T	0.980064	1.00422	0.0413055	0.92	314633	NA	NA	NA
rs117449769	10	104295236	C	A	0.986159	1.00552	0.0503098	0.91	314633	NA	NA	NA
rs117487334	10	104022606	C	T	0.96118	0.990907	0.0300634	0.76	314633	NA	NA	NA
rs117516904	10	104309482	T	C	0.985163	0.930166	0.049689	0.15	314633	NA	NA	NA
rs117523800	10	104344522	G	C	0.980452	1.00751	0.042072	0.86	314633	NA	NA	NA
rs117589665	10	104000008	A	G	0.933059	1.00057	0.0231701	0.98	314633	NA	NA	NA
rs117714998	10	104440062	G	A	0.98676	1.03078	0.0505377	0.55	314633	NA	NA	NA
rs117715797	10	104152566	C	T	0.976666	0.979712	0.0382413	0.59	314633	NA	NA	NA
rs117732217	10	104231203	A	G	0.981317	1.00148	0.0430521	0.97	314633	NA	NA	NA
rs117773210	10	104253310	C	T	0.978971	1.01233	0.0404279	0.76	314633	NA	NA	NA
rs117779480	10	104080583	C	T	0.933276	1.00005	0.0231731	1	314633	NA	NA	NA
rs117793008	10	104198528	A	G	0.931464	0.993284	0.0229813	0.77	314633	NA	NA	NA
rs117899099	10	104330187	A	G	0.976505	1.01248	0.038357	0.75	314633	NA	NA	NA
rs117926251	10	104307959	C	T	0.985754	1.0048	0.0491836	0.92	314633	NA	NA	NA
rs117929568	10	104088097	A	T	0.961066	1.10757	0.0307553	0.00089	314633	NA	NA	NA
rs117971933	10	104312216	G	A	0.984355	0.987074	0.0466632	0.78	314633	NA	NA	NA
rs118028082	10	104226834	G	A	0.927429	1.03063	0.0223014	0.18	314633	NA	NA	NA
rs118076451	10	104288776	G	T	0.981158	0.987688	0.04335	0.78	314633	NA	NA	NA
rs118104390	10	104395982	G	A	0.985194	0.945563	0.048605	0.25	314633	NA	NA	NA
rs11814894	10	104098949	G	A	0.625412	0.994054	0.0119427	0.62	314633	NA	NA	NA
rs11818043	10	104391627	A	G	0.920862	0.981336	0.0213965	0.38	314633	NA	NA	NA
rs12162	10	104240498	A	G	0.646638	0.939596	0.0120847	2.5e-07	314633	NA	NA	NA
rs12220810	10	104305119	C	T	0.921081	0.977587	0.0214346	0.29	314633	NA	NA	NA
rs12240453	10	104218850	C	A	0.96787	0.955056	0.0329613	0.16	314633	NA	NA	NA
rs12241531	10	104407792	G	A	0.956686	0.952988	0.0283976	0.09	314633	NA	NA	NA
rs12241712	10	104408272	C	A	0.707901	1.06914	0.0127094	1.4e-07	314633	NA	NA	NA
rs12260430	10	104170204	T	C	0.794301	0.988549	0.0142959	0.42	314633	NA	NA	NA
rs12260465	10	104432805	G	C	0.973534	0.938648	0.0361124	0.08	314633	NA	NA	NA
rs12261409	10	104428314	G	A	0.973716	0.934748	0.0361668	0.062	314633	NA	NA	NA
rs12262998	10	104428716	C	T	0.684396	1.06591	0.0124608	3e-07	314633	NA	NA	NA
rs12265877	10	104247247	C	G	0.646566	0.939515	0.0120841	2.4e-07	314633	NA	NA	NA
rs12354486	10	104124055	C	G	0.795814	1.02496	0.0143417	0.086	314633	NA	NA	NA
rs12355584	10	104061219	G	A	0.836145	0.993743	0.0156057	0.69	314633	NA	NA	NA
rs12357172	10	104388549	C	T	0.68448	0.945594	0.0124274	6.7e-06	314633	NA	NA	NA
rs12357886	10	104337945	A	G	0.576646	0.937042	0.0117111	2.8e-08	314633	NA	NA	NA
rs12360253	10	104147498	G	C	0.837362	0.995332	0.0156532	0.77	314633	NA	NA	NA
rs12360330	10	104148355	C	T	0.864248	1.031	0.0168755	0.07	314633	NA	NA	NA
rs12411442	10	104349531	A	G	0.574057	0.936195	0.0116944	1.7e-08	314633	NA	NA	NA
rs12412685	10	104468635	A	T	0.987343	1.01113	0.0576355	0.85	314633	NA	NA	NA
rs12414033	10	104460035	G	A	0.715489	0.948877	0.0128483	4.4e-05	314633	NA	NA	NA
rs12414407	10	104387019	T	C	0.358304	1.06396	0.0120519	2.7e-07	314633	NA	NA	NA
rs12414479	10	104420902	C	T	0.69893	0.946447	0.0126223	1.3e-05	314633	NA	NA	NA
rs12415043	10	104467609	G	C	0.919211	0.986386	0.0211907	0.52	314633	NA	NA	NA
rs12415921	10	104191769	G	T	0.811965	1.00945	0.014782	0.52	314633	NA	NA	NA
rs12569526	10	104237007	A	G	0.457269	1.07093	0.0115971	3.4e-09	314633	NA	NA	NA
rs12569901	10	104025410	C	G	0.862899	1.03284	0.0168004	0.054	314633	NA	NA	NA
rs12570201	10	104222963	T	C	0.455287	1.0705	0.0116062	4.4e-09	314633	NA	NA	NA
rs12570611	10	104421679	G	C	0.684077	1.06566	0.0124407	3.2e-07	314633	NA	NA	NA
rs12570859	10	104257226	C	T	0.455656	1.06737	0.0115993	1.9e-08	314633	NA	NA	NA
rs12572775	10	104285594	A	T	0.439556	1.06826	0.0116402	1.4e-08	314633	NA	NA	NA
rs12572826	10	104132535	A	G	0.836027	0.995552	0.0156064	0.78	314633	NA	NA	NA
rs12572855	10	104374246	C	T	0.987923	1.02447	0.0529133	0.65	314633	NA	NA	NA
rs12573077	10	104434630	C	A	0.689107	1.06409	0.0125559	7.5e-07	314633	NA	NA	NA
rs12573474	10	104393506	A	G	0.920978	0.982486	0.0214352	0.41	314633	NA	NA	NA
rs12573502	10	104223031	G	A	0.974508	1.04454	0.0367673	0.24	314633	NA	NA	NA
rs12761195	10	104465374	T	C	0.681846	1.0634	0.0124766	8.3e-07	314633	NA	NA	NA
rs12762305	10	104227623	C	T	0.458832	1.07124	0.0115938	2.9e-09	314633	NA	NA	NA
rs12762934	10	104359884	C	T	0.675417	1.01155	0.0123597	0.35	314633	NA	NA	NA
rs12763439	10	104080228	A	G	0.820861	1.00558	0.0150608	0.71	314633	NA	NA	NA
rs12763720	10	104241983	T	C	0.780706	1.07216	0.0139513	5.9e-07	314633	NA	NA	NA
rs12763794	10	104227661	T	C	0.458467	1.07123	0.0115925	2.9e-09	314633	NA	NA	NA
rs12764219	10	104398895	G	T	0.721002	1.06998	0.0128921	1.6e-07	314633	NA	NA	NA
rs12764388	10	104413385	G	A	0.887549	1.0543	0.0182877	0.0038	314633	NA	NA	NA
rs12765060	10	104399349	G	A	0.961945	1.0502	0.0301569	0.1	314633	NA	NA	NA
rs12765135	10	104152433	T	C	0.952622	1.06488	0.0272928	0.021	314633	NA	NA	NA
rs12765459	10	104465687	G	C	0.695713	1.06444	0.0126293	7.6e-07	314633	NA	NA	NA
rs12765818	10	104260119	G	A	0.783392	1.07201	0.0140229	7.1e-07	314633	NA	NA	NA
rs12766112	10	104260388	C	T	0.455651	1.0673	0.0115987	2e-08	314633	NA	NA	NA
rs12767100	10	104338014	A	C	0.425776	1.06757	0.0116836	2.2e-08	314633	NA	NA	NA
rs12767131	10	104268626	T	C	0.696617	1.01707	0.0125673	0.18	314633	NA	NA	NA
rs12767683	10	104316581	C	A	0.675394	1.01158	0.0123616	0.35	314633	NA	NA	NA
rs12768479	10	104278276	G	A	0.456595	1.06728	0.0116488	2.3e-08	314633	NA	NA	NA
rs12769291	10	104462981	C	G	0.682059	1.06331	0.0124783	8.7e-07	314633	NA	NA	NA
rs12769316	10	104152751	G	A	0.819928	1.00845	0.0150394	0.58	314633	NA	NA	NA
rs12769906	10	104463301	C	T	0.681822	1.06401	0.0125183	7.2e-07	314633	NA	NA	NA
rs12770498	10	104304667	G	A	0.681405	1.01294	0.0124154	0.3	314633	NA	NA	NA
rs12771352	10	104074340	G	T	0.876005	0.988516	0.0175306	0.51	314633	NA	NA	NA
rs12771867	10	104246691	G	A	0.455862	1.06696	0.0115959	2.3e-08	314633	NA	NA	NA
rs12772374	10	104156911	A	G	0.818226	1.01007	0.0149882	0.5	314633	NA	NA	NA
rs12772375	10	104082688	T	G	0.411019	0.995564	0.0118566	0.71	314633	NA	NA	NA
rs12773600	10	104418228	C	G	0.696612	1.06591	0.012579	3.9e-07	314633	NA	NA	NA
rs12773833	10	104418350	C	T	0.684044	1.06535	0.0124373	3.6e-07	314633	NA	NA	NA
rs12774693	10	104270005	T	G	0.899816	0.980321	0.0192396	0.3	314633	NA	NA	NA
rs12776002	10	104199624	A	T	0.833506	1.0334	0.0155963	0.035	314633	NA	NA	NA
rs12776238	10	104463840	G	A	0.682068	1.0633	0.0124783	8.7e-07	314633	NA	NA	NA
rs12778231	10	104184189	T	C	0.819023	1.01116	0.0150177	0.46	314633	NA	NA	NA
rs12779689	10	104043516	G	T	0.82117	1.00548	0.0150758	0.72	314633	NA	NA	NA
rs12779853	10	104083908	T	C	0.81965	1.00577	0.0150454	0.7	314633	NA	NA	NA
rs12779854	10	104358474	G	A	0.425787	1.06768	0.0116835	2.1e-08	314633	NA	NA	NA
rs12780386	10	104196866	C	T	0.794818	1.01317	0.0143135	0.36	314633	NA	NA	NA
rs12780827	10	104467954	T	C	0.682093	1.0636	0.0124796	7.8e-07	314633	NA	NA	NA
rs12781714	10	104087864	G	A	0.820148	1.00642	0.0150696	0.67	314633	NA	NA	NA
rs12781718	10	104227433	G	A	0.458839	1.07092	0.0115907	3.4e-09	314633	NA	NA	NA
rs12781742	10	104227469	G	A	0.458874	1.07079	0.0115912	3.6e-09	314633	NA	NA	NA
rs12782153	10	104368294	A	G	0.425754	1.06773	0.0116836	2e-08	314633	NA	NA	NA
rs12782556	10	104047552	C	G	0.820805	1.00482	0.0150584	0.75	314633	NA	NA	NA
rs12784517	10	104464970	T	C	0.682063	1.06342	0.0124783	8.3e-07	314633	NA	NA	NA
rs12784963	10	104336986	G	A	0.425788	1.06749	0.0116837	2.3e-08	314633	NA	NA	NA
rs1326193	10	104271674	G	T	0.647642	0.939189	0.0120961	2.1e-07	314633	NA	NA	NA
rs13287	10	104240438	A	G	0.646563	0.93954	0.012084	2.5e-07	314633	NA	NA	NA
rs138223683	10	104005122	C	G	0.980815	1.03355	0.0421316	0.43	314633	NA	NA	NA
rs138324406	10	104306683	C	T	0.98828	1.01488	0.0544519	0.79	314633	NA	NA	NA
rs138364110	10	104156390	G	GT	0.668947	0.995367	0.0122969	0.71	314633	NA	NA	NA
rs138505789	10	104078716	T	C	0.97852	0.942363	0.0401666	0.14	314633	NA	NA	NA
rs138724629	10	104004012	C	G	0.981681	0.997797	0.0431126	0.96	314633	NA	NA	NA
rs138763710	10	104367450	C	T	0.988172	1.02372	0.053792	0.66	314633	NA	NA	NA
rs138807813	10	104063747	G	GT	0.937599	0.96439	0.0240852	0.13	314633	NA	NA	NA
rs139083944	10	104117678	T	A	0.977889	1.00211	0.0395069	0.96	314633	NA	NA	NA
rs139379671	10	104370027	A	G	0.972072	1.02544	0.0350604	0.47	314633	NA	NA	NA
rs139391243	10	104036722	T	TACAC	0.864922	1.03479	0.016996	0.044	314633	NA	NA	NA
rs139410113	10	104232209	C	T	0.983337	1.05557	0.045322	0.23	314633	NA	NA	NA
rs139540800	10	104053712	T	G	0.971708	0.991793	0.0353504	0.82	314633	NA	NA	NA
rs139805226	10	104457076	C	A	0.982969	0.991508	0.0461784	0.85	314633	NA	NA	NA
rs139901931	10	104270217	G	A	0.697035	1.01686	0.0125735	0.18	314633	NA	NA	NA
rs139997466	10	104030118	G	C	0.975078	0.993541	0.0375094	0.86	314633	NA	NA	NA
rs140312320	10	103992418	G	A	0.933302	1.00224	0.023179	0.92	314633	NA	NA	NA
rs140335393	10	104200912	C	T	0.975747	1.00477	0.0387129	0.9	314633	NA	NA	NA
rs140374940	10	104177610	C	T	0.973756	1.01558	0.0367477	0.67	314633	NA	NA	NA
rs140406517	10	104085307	C	CA	0.674121	1.00336	0.0126697	0.79	314633	NA	NA	NA
rs140702899	10	104452818	G	A	0.984051	1.02247	0.0470433	0.64	314633	NA	NA	NA
rs140708847	10	104002493	G	C	0.980308	0.995231	0.0434701	0.91	314633	NA	NA	NA
rs140854610	10	104374122	T	G	0.957479	1.09237	0.0294091	0.0027	314633	NA	NA	NA
rs1409310	10	104282265	T	C	0.647467	0.939192	0.0120945	2.1e-07	314633	NA	NA	NA
rs1409311	10	104282160	G	A	0.647614	0.939347	0.0120957	2.3e-07	314633	NA	NA	NA
rs1409312	10	104191800	C	T	0.188145	0.990308	0.0147776	0.51	314633	NA	NA	NA
rs1409313	10	104191601	T	C	0.188143	0.991015	0.014786	0.54	314633	NA	NA	NA
rs1410416	10	103987875	C	T	0.52721	0.990377	0.011596	0.4	314633	NA	NA	NA
rs141298180	10	104107740	T	C	0.981654	0.99797	0.0430812	0.96	314633	NA	NA	NA
rs141406333	10	104265041	C	T	0.988142	1.02011	0.0539715	0.71	314633	NA	NA	NA
rs141667426	10	104363392	T	G	0.988287	1.02688	0.0544672	0.63	314633	NA	NA	NA
rs141844044	10	104099858	G	A	0.963387	1.00835	0.0307833	0.79	314633	NA	NA	NA
rs141933852	10	104445963	G	C	0.98446	1.06943	0.0482981	0.16	314633	NA	NA	NA
rs142660232	10	104102704	G	GT	0.982575	0.995136	0.0457172	0.92	314633	NA	NA	NA
rs142703099	10	104433000	G	A	0.974762	1.02082	0.0376476	0.58	314633	NA	NA	NA
rs142792934	10	104441530	A	C	0.989935	0.856619	0.0620847	0.013	314633	NA	NA	NA
rs142823189	10	104122106	C	T	0.980334	1.02204	0.0419295	0.6	314633	NA	NA	NA
rs142843900	10	104404159	G	GGGA	0.956701	0.952468	0.0284154	0.087	314633	NA	NA	NA
rs143738393	10	104351367	C	T	0.982992	1.05712	0.0448572	0.22	314633	NA	NA	NA
rs144087626	10	104151297	C	A	0.971956	0.978728	0.0354473	0.54	314633	NA	NA	NA
rs144487702	10	104200175	G	A	0.986206	0.983858	0.05186	0.75	314633	NA	NA	NA
rs144523793	10	104274460	G	C	0.983208	0.953192	0.0466276	0.3	314633	NA	NA	NA
rs144553084	10	104100109	A	C	0.981249	0.984472	0.0425828	0.71	314633	NA	NA	NA
rs144625846	10	104078044	A	G	0.864391	1.03235	0.0168755	0.059	314633	NA	NA	NA
rs144741702	10	104111540	T	TACC	0.844059	0.966174	0.0159657	0.031	314633	NA	NA	NA
rs144997108	10	104124195	G	A	0.958863	1.0951	0.0293915	0.002	314633	NA	NA	NA
rs145658275	10	104082197	T	C	0.988741	1.15098	0.0560784	0.012	314633	NA	NA	NA
rs145882868	10	104426236	T	TTTCA	0.9746	0.933836	0.0368028	0.063	314633	NA	NA	NA
rs145903238	10	104432459	C	T	0.98965	1.0404	0.0585407	0.5	314633	NA	NA	NA
rs146155890	10	104435594	T	TTA	0.978598	1.02807	0.0433491	0.52	314633	NA	NA	NA
rs146213793	10	104456153	C	A	0.959545	0.992963	0.0300819	0.81	314633	NA	NA	NA
rs146574493	10	104077658	T	TTTTTA	0.628731	0.992849	0.0120539	0.55	314633	NA	NA	NA
rs146634750	10	104398377	C	G	0.989324	1.05274	0.0575845	0.37	314633	NA	NA	NA
rs146848699	10	104066372	G	C	0.980349	0.997475	0.0435483	0.95	314633	NA	NA	NA
rs146952142	10	104438825	G	A	0.981639	0.962124	0.0437687	0.38	314633	NA	NA	NA
rs146983609	10	104237837	T	G	0.988173	1.02691	0.0542534	0.62	314633	NA	NA	NA
rs147560808	10	104054378	C	T	0.981669	0.997605	0.0430939	0.96	314633	NA	NA	NA
rs147752262	10	104095956	G	A	0.981658	0.997958	0.0430822	0.96	314633	NA	NA	NA
rs147843954	10	104293076	C	T	0.987554	1.09047	0.054554	0.11	314633	NA	NA	NA
rs147874624	10	104135583	C	T	0.977892	1.00109	0.0395029	0.98	314633	NA	NA	NA
rs148159578	10	104092144	C	CT	0.645103	0.99283	0.0123051	0.56	314633	NA	NA	NA
rs148331996	10	104358763	A	G	0.987485	1.03485	0.0552416	0.54	314633	NA	NA	NA
rs148337160	10	104166504	T	C	0.932515	0.999049	0.0231042	0.97	314633	NA	NA	NA
rs148440547	10	104168611	G	T	0.93786	1.00406	0.02412	0.87	314633	NA	NA	NA
rs148658224	10	104451328	A	G	0.972531	0.9976	0.0364218	0.95	314633	NA	NA	NA
rs148855837	10	104194080	C	T	0.986269	1.00608	0.0525596	0.91	314633	NA	NA	NA
rs148990403	10	104225814	A	G	0.982257	1.01305	0.0441594	0.77	314633	NA	NA	NA
rs149374039	10	104092953	A	G	0.97787	1.00239	0.0394952	0.95	314633	NA	NA	NA
rs149637602	10	104147365	G	A	0.863215	1.03211	0.0168244	0.06	314633	NA	NA	NA
rs149754618	10	104386094	T	C	0.983352	0.943433	0.0469338	0.21	314633	NA	NA	NA
rs149768712	10	104378978	C	T	0.984181	1.08413	0.0479101	0.092	314633	NA	NA	NA
rs150098322	10	104214364	T	C	0.882431	1.02701	0.0181168	0.14	314633	NA	NA	NA
rs150136542	10	104136571	T	G	0.980476	0.925338	0.0419882	0.065	314633	NA	NA	NA
rs150141424	10	104234622	C	T	0.970937	1.04162	0.0348116	0.24	314633	NA	NA	NA
rs150280914	10	104388117	G	A	0.980437	0.997168	0.0425968	0.95	314633	NA	NA	NA
rs150344656	10	104201323	C	T	0.98032	0.933984	0.0420643	0.1	314633	NA	NA	NA
rs150515675	10	104275743	C	T	0.974597	1.03356	0.0367865	0.37	314633	NA	NA	NA
rs151269910	10	104320788	C	T	0.929172	1.01469	0.0225131	0.52	314633	NA	NA	NA
rs1536308	10	104288777	T	G	0.651247	0.941273	0.0121329	6.1e-07	314633	NA	NA	NA
rs1536309	10	104195202	A	G	0.631891	1.0044	0.0120204	0.72	314633	NA	NA	NA
rs1538081	10	104150743	C	A	0.733539	0.981447	0.0130775	0.15	314633	NA	NA	NA
rs1541046	10	104005386	G	A	0.374592	1.00549	0.0119477	0.65	314633	NA	NA	NA
rs1541047	10	103997645	C	T	0.372718	1.00597	0.0119582	0.62	314633	NA	NA	NA
rs1541048	10	103997644	G	C	0.370499	1.00351	0.0120524	0.77	314633	NA	NA	NA
rs1541049	10	103997084	A	C	0.372693	1.00607	0.0119585	0.61	314633	NA	NA	NA
rs1571003	10	104214048	A	T	0.786493	0.964074	0.0142916	0.01	314633	NA	NA	NA
rs1572530	10	104193834	G	A	0.772926	0.979183	0.0137872	0.13	314633	NA	NA	NA
rs1572531	10	104193733	T	C	0.188071	0.99053	0.0147822	0.52	314633	NA	NA	NA
rs1628530	10	104029307	A	C	0.877381	0.987129	0.0176753	0.46	314633	NA	NA	NA
rs17094517	10	104021109	G	C	0.981259	0.983471	0.0426117	0.7	314633	NA	NA	NA
rs17114427	10	104022300	G	A	0.959764	0.990689	0.0295554	0.75	314633	NA	NA	NA
rs17114433	10	104043015	A	G	0.981285	0.982565	0.0426054	0.68	314633	NA	NA	NA
rs17114534	10	104221529	T	C	0.858439	0.972164	0.0166008	0.089	314633	NA	NA	NA
rs17114641	10	104287359	T	G	0.921354	0.977005	0.0214734	0.28	314633	NA	NA	NA
rs17114803	10	104386934	T	C	0.920861	0.981164	0.0213978	0.37	314633	NA	NA	NA
rs17114808	10	104391285	C	T	0.920821	0.9817	0.0213889	0.39	314633	NA	NA	NA
rs17114810	10	104391545	C	T	0.920886	0.981961	0.0213992	0.39	314633	NA	NA	NA
rs17707508	10	104047836	G	T	0.783459	1.01808	0.0140199	0.2	314633	NA	NA	NA
rs17707795	10	104067233	G	A	0.985298	0.923023	0.0497484	0.11	314633	NA	NA	NA
rs17709610	10	104250278	A	G	0.701109	1.0154	0.0126163	0.23	314633	NA	NA	NA
rs17780667	10	104076231	G	A	0.781888	1.01775	0.0139797	0.21	314633	NA	NA	NA
rs17780834	10	104091096	A	T	0.933072	0.999503	0.0231708	0.98	314633	NA	NA	NA
rs17782574	10	104279394	G	A	0.647702	0.939448	0.0120978	2.4e-07	314633	NA	NA	NA
rs17782856	10	104325984	C	G	0.985205	0.939666	0.047822	0.19	314633	NA	NA	NA
rs17783771	10	104410736	C	T	0.682908	0.943805	0.0124171	3.2e-06	314633	NA	NA	NA
rs1796765	10	104060529	C	T	0.62733	0.993959	0.0119525	0.61	314633	NA	NA	NA
rs181476741	10	104104429	G	T	0.978519	0.942395	0.0401659	0.14	314633	NA	NA	NA
rs181722822	10	104435188	C	T	0.986996	0.994609	0.0629795	0.93	314633	NA	NA	NA
rs182620116	10	104426664	C	T	0.968132	0.892159	0.0348364	0.0011	314633	NA	NA	NA
rs183859328	10	104341315	C	T	0.980923	0.992285	0.0426068	0.86	314633	NA	NA	NA
rs183989695	10	104116304	C	T	0.989494	0.964537	0.0578555	0.53	314633	NA	NA	NA
rs184466210	10	104262056	A	G	0.968506	0.99614	0.0350753	0.91	314633	NA	NA	NA
rs185072800	10	104268860	C	A	0.899612	0.979593	0.0192257	0.28	314633	NA	NA	NA
rs185175145	10	104423809	G	A	0.983475	1.03155	0.0472592	0.51	314633	NA	NA	NA
rs1854291	10	103992122	T	C	0.373882	1.00576	0.0119506	0.63	314633	NA	NA	NA
rs186492821	10	104346360	G	T	0.988682	0.972894	0.0572669	0.63	314633	NA	NA	NA
rs186552424	10	103979541	C	T	0.981787	0.994167	0.0433545	0.89	314633	NA	NA	NA
rs187172604	10	104347341	C	T	0.978598	0.949087	0.0402691	0.19	314633	NA	NA	NA
rs187432878	10	104017603	C	T	0.9826	1.05667	0.0448608	0.22	314633	NA	NA	NA
rs188189333	10	103984607	A	G	0.981479	1.05045	0.0438285	0.26	314633	NA	NA	NA
rs188294992	10	103981683	C	T	0.978411	0.970407	0.0406151	0.46	314633	NA	NA	NA
rs188457393	10	104393645	T	G	0.983191	1.05987	0.0451149	0.2	314633	NA	NA	NA
rs1884929	10	104275418	C	T	0.647481	0.939038	0.0120951	2e-07	314633	NA	NA	NA
rs188640072	10	103997926	A	G	0.988873	1.16655	0.0565549	0.0064	314633	NA	NA	NA
rs188752055	10	104446245	G	A	0.983724	1.04946	0.0462802	0.3	314633	NA	NA	NA
rs1890060	10	104122842	A	G	0.782229	1.01707	0.0139987	0.23	314633	NA	NA	NA
rs190041783	10	104061795	A	G	0.952605	0.940157	0.0275785	0.025	314633	NA	NA	NA
rs190474128	10	104041707	A	G	0.967568	1.0022	0.0333326	0.95	314633	NA	NA	NA
rs190697053	10	104219157	T	C	0.982748	0.985129	0.0443421	0.74	314633	NA	NA	NA
rs191373988	10	104275993	G	A	0.982216	0.977543	0.0441892	0.61	314633	NA	NA	NA
rs191462700	10	104444752	C	T	0.989664	0.94075	0.0624458	0.33	314633	NA	NA	NA
rs191944003	10	104296537	G	A	0.982812	0.955344	0.0457	0.32	314633	NA	NA	NA
rs192268053	10	104393646	C	T	0.983203	1.05841	0.0451348	0.21	314633	NA	NA	NA
rs192735598	10	104061218	C	T	0.96262	0.903366	0.0306704	0.00092	314633	NA	NA	NA
rs1967814	10	104287048	C	T	0.723537	0.952356	0.0129522	0.00016	314633	NA	NA	NA
rs1967815	10	104287051	G	A	0.72361	0.954291	0.0130016	0.00032	314633	NA	NA	NA
rs1977382	10	104249839	A	T	0.754747	1.0718	0.0134202	2.4e-07	314633	NA	NA	NA
rs1977720	10	104109106	A	G	0.776012	0.982685	0.0138763	0.21	314633	NA	NA	NA
rs1984795	10	104226830	C	T	0.45883	1.07083	0.0115909	3.6e-09	314633	NA	NA	NA
rs2001389	10	104375258	G	A	0.574476	0.93682	0.0116856	2.3e-08	314633	NA	NA	NA
rs2001595	10	104395085	C	T	0.686131	0.944953	0.0124551	5.5e-06	314633	NA	NA	NA
rs200276129	10	104406045	T	TTGGGGCC	0.983263	0.991443	0.0450948	0.85	314633	NA	NA	NA
rs2002916	10	104432053	A	G	0.683418	1.06638	0.0124605	2.5e-07	314633	NA	NA	NA
rs2002917	10	104431271	T	C	0.106747	1.02559	0.0187415	0.18	314633	NA	NA	NA
rs200608553	10	104216728	T	C	0.723368	1.01589	0.013007	0.23	314633	NA	NA	NA
rs200631331	10	104090443	C	CA	0.989294	1.0277	0.0585937	0.64	314633	NA	NA	NA
rs200920425	10	104206835	A	T	0.985583	1.0284	0.0627261	0.66	314633	NA	NA	NA
rs201077018	10	104472654	T	TA	0.982308	0.972875	0.0479001	0.57	314633	NA	NA	NA
rs201428036	10	104246547	C	CT	0.671616	0.930669	0.0126773	1.4e-08	314633	NA	NA	NA
rs2015583	10	104226983	A	G	0.458583	1.07082	0.0115906	3.6e-09	314633	NA	NA	NA
rs202018807	10	104045961	T	G	0.16818	0.975569	0.0165957	0.14	314633	NA	NA	NA
rs2025712	10	104230064	T	C	0.457345	1.07122	0.0115923	2.9e-09	314633	NA	NA	NA
rs2025713	10	104230156	A	G	0.457353	1.07117	0.0115925	3e-09	314633	NA	NA	NA
rs2031601	10	104308064	T	G	0.651708	0.940009	0.0121288	3.4e-07	314633	NA	NA	NA
rs2031602	10	104307955	G	C	0.651464	0.940017	0.0121314	3.4e-07	314633	NA	NA	NA
rs2031604	10	104297791	T	C	0.0791856	1.02271	0.0213967	0.29	314633	NA	NA	NA
rs2145307	10	104280664	G	A	0.899838	0.979149	0.0192447	0.27	314633	NA	NA	NA
rs2145308	10	104150999	T	C	0.669145	0.995248	0.0122813	0.7	314633	NA	NA	NA
rs2246775	10	104057251	A	C	0.625417	0.994389	0.011941	0.64	314633	NA	NA	NA
rs2251772	10	104470918	T	C	0.715669	0.948797	0.0128496	4.3e-05	314633	NA	NA	NA
rs2252147	10	104467774	G	A	0.705133	0.953205	0.0127394	0.00017	314633	NA	NA	NA
rs2273555	10	104127171	G	A	0.393512	1.00788	0.0118344	0.51	314633	NA	NA	NA
rs2274351	10	104264107	C	T	0.454886	1.06674	0.0116012	2.6e-08	314633	NA	NA	NA
rs2281878	10	104210735	C	A	0.789339	0.977407	0.0146378	0.12	314633	NA	NA	NA
rs2281879	10	104268877	G	C	0.647455	0.938851	0.0120946	1.8e-07	314633	NA	NA	NA
rs2281880	10	104269217	G	A	0.454369	1.06591	0.0116155	3.9e-08	314633	NA	NA	NA
rs2281983	10	103991381	G	A	0.374028	1.00567	0.0119508	0.64	314633	NA	NA	NA
rs2282295	10	104174895	G	A	0.891242	0.991403	0.0186164	0.64	314633	NA	NA	NA
rs2286748	10	104414709	C	A	0.689108	0.998668	0.0124959	0.92	314633	NA	NA	NA
rs2296578	10	104240974	C	G	0.64657	0.939527	0.0120839	2.4e-07	314633	NA	NA	NA
rs2296579	10	104241375	A	G	0.646389	0.939132	0.0120838	2e-07	314633	NA	NA	NA
rs2296580	10	104241683	G	T	0.701128	1.01542	0.0126159	0.23	314633	NA	NA	NA
rs2296581	10	104242886	G	A	0.646725	0.939683	0.012085	2.6e-07	314633	NA	NA	NA
rs2296582	10	104244139	G	T	0.646728	0.939749	0.012085	2.7e-07	314633	NA	NA	NA
rs2296583	10	104244322	T	G	0.646557	0.939726	0.0120848	2.7e-07	314633	NA	NA	NA
rs2296584	10	104244323	T	A	0.646527	0.939611	0.0120838	2.5e-07	314633	NA	NA	NA
rs2296585	10	104245549	C	T	0.646726	0.939655	0.0120851	2.6e-07	314633	NA	NA	NA
rs2296586	10	104245575	G	A	0.646579	0.9395	0.0120839	2.4e-07	314633	NA	NA	NA
rs2296587	10	104245588	G	A	0.673556	0.946874	0.0123319	9.6e-06	314633	NA	NA	NA
rs2296588	10	104248087	T	C	0.646567	0.939521	0.0120842	2.4e-07	314633	NA	NA	NA
rs2296589	10	104248106	T	A	0.646565	0.939518	0.0120841	2.4e-07	314633	NA	NA	NA
rs2296590	10	104262628	G	A	0.647426	0.939086	0.0120939	2e-07	314633	NA	NA	NA
rs2296887	10	104005410	T	C	0.856367	0.989484	0.0164748	0.52	314633	NA	NA	NA
rs2298278	10	104390303	A	G	0.919423	0.982203	0.0212446	0.4	314633	NA	NA	NA
rs2298281	10	104375405	T	G	0.985588	0.99906	0.0488541	0.98	314633	NA	NA	NA
rs2479548	10	104057688	G	T	0.6259	0.993935	0.0119423	0.61	314633	NA	NA	NA
rs2479550	10	104034634	A	G	0.899752	0.992701	0.0194691	0.71	314633	NA	NA	NA
rs2479551	10	104030201	G	A	0.627346	0.993979	0.0119528	0.61	314633	NA	NA	NA
rs2479552	10	104028507	C	A	0.629425	0.994286	0.0119705	0.63	314633	NA	NA	NA
rs2479555	10	104025383	A	G	0.625391	0.994353	0.0119416	0.64	314633	NA	NA	NA
rs2485371	10	104034087	T	C	0.627196	0.993953	0.0119535	0.61	314633	NA	NA	NA
rs2485374	10	104049150	G	A	0.625935	0.993931	0.011943	0.61	314633	NA	NA	NA
rs2485375	10	104049966	C	T	0.625904	0.993888	0.0119425	0.61	314633	NA	NA	NA
rs2485376	10	104050006	G	A	0.625941	0.993906	0.0119428	0.61	314633	NA	NA	NA
rs2485378	10	104059139	A	G	0.625335	0.99434	0.0119407	0.63	314633	NA	NA	NA
rs2489743	10	104468434	C	T	0.705202	0.953277	0.0127388	0.00017	314633	NA	NA	NA
rs28408682	10	104403310	A	G	0.39552	1.05836	0.0118119	1.6e-06	314633	NA	NA	NA
rs2863698	10	104148615	T	A	0.0234017	1.07206	0.039546	0.078	314633	NA	NA	NA
rs2863707	10	104204140	T	C	0.877158	1.02022	0.0177247	0.26	314633	NA	NA	NA
rs2863708	10	104204290	C	A	0.181633	0.966779	0.0150326	0.025	314633	NA	NA	NA
rs2863710	10	104204566	C	A	0.230504	0.970437	0.0141101	0.033	314633	NA	NA	NA
rs28881790	10	104151812	A	C	0.733522	0.981556	0.0130788	0.15	314633	NA	NA	NA
rs2902544	10	104261359	C	T	0.897651	0.97966	0.0190588	0.28	314633	NA	NA	NA
rs2987002	10	104020233	C	T	0.343157	1.00579	0.0124381	0.64	314633	NA	NA	NA
rs2993089	10	104078760	G	C	0.625741	0.993766	0.0119432	0.6	314633	NA	NA	NA
rs3215819	10	104241138	G	GA	0.646693	0.939631	0.0120852	2.6e-07	314633	NA	NA	NA
rs34058856	10	104369323	C	T	0.779956	1.07343	0.0139421	3.7e-07	314633	NA	NA	NA
rs34269636	10	104410599	T	C	0.720036	1.07044	0.0128837	1.3e-07	314633	NA	NA	NA
rs34309160	10	104034550	C	T	0.925562	1.04023	0.0220571	0.074	314633	NA	NA	NA
rs34349481	10	104444615	G	C	0.682138	1.06359	0.0124806	7.8e-07	314633	NA	NA	NA
rs34377578	10	104336426	A	C	0.746236	1.00813	0.0132928	0.54	314633	NA	NA	NA
rs34673678	10	104074065	C	G	0.875978	0.988695	0.0175301	0.52	314633	NA	NA	NA
rs34836365	10	104366817	A	AT	0.606428	0.936333	0.0121378	6e-08	314633	NA	NA	NA
rs34892898	10	104214388	A	AC	0.414616	0.986432	0.011945	0.25	314633	NA	NA	NA
rs34969636	10	104065803	C	CTA	0.629237	0.996465	0.0120011	0.77	314633	NA	NA	NA
rs35000717	10	104100733	G	A	0.876851	0.986831	0.0175941	0.45	314633	NA	NA	NA
rs35035059	10	104314881	C	T	0.763699	1.07374	0.0136606	1.9e-07	314633	NA	NA	NA
rs35095897	10	104377759	T	C	0.425683	1.06762	0.0116853	2.1e-08	314633	NA	NA	NA
rs35332469	10	104217592	T	C	0.559866	1.00817	0.0116433	0.48	314633	NA	NA	NA
rs35485301	10	104370827	C	T	0.779934	1.07326	0.0139421	4e-07	314633	NA	NA	NA
rs35597970	10	104229057	C	CA	0.455991	1.07199	0.0115998	2.1e-09	314633	NA	NA	NA
rs35637354	10	104221854	A	C	0.778659	1.06948	0.0139008	1.3e-06	314633	NA	NA	NA
rs35645620	10	104242537	T	TA	0.645247	0.938599	0.01217	1.9e-07	314633	NA	NA	NA
rs35879747	10	104348694	T	A	0.779246	1.07433	0.0139328	2.7e-07	314633	NA	NA	NA
rs35959091	10	104400594	T	TA	0.729724	1.00922	0.0130199	0.48	314633	NA	NA	NA
rs36078929	10	104217804	G	GT	0.848566	0.962099	0.0162218	0.017	314633	NA	NA	NA
rs36103207	10	103988265	G	A	0.957071	1.10545	0.0284904	0.00043	314633	NA	NA	NA
rs36226954	10	104155345	T	C	0.966901	0.970199	0.033396	0.36	314633	NA	NA	NA
rs367549123	10	104141579	C	T	0.980605	0.925233	0.042107	0.065	314633	NA	NA	NA
rs368661815	10	104424533	C	CT	0.576278	0.954583	0.0121022	0.00012	314633	NA	NA	NA
rs369860123	10	104445006	C	CAAA	0.0709273	1.02985	0.0235509	0.21	314633	NA	NA	NA
rs371094492	10	104397269	A	AT	0.802409	0.94653	0.014664	0.00018	314633	NA	NA	NA
rs371127811	10	104397876	T	TA	0.593214	1.02755	0.0125116	0.03	314633	NA	NA	NA
rs371351565	10	104187448	T	TCCCCACTCCATCTTCC	0.987669	1.02407	0.0542048	0.66	314633	NA	NA	NA
rs3740406	10	104272789	C	T	0.647392	0.939276	0.0120951	2.2e-07	314633	NA	NA	NA
rs3740409	10	104236645	G	A	0.899278	0.983121	0.0192226	0.38	314633	NA	NA	NA
rs3740414	10	104232809	T	G	0.457383	1.07096	0.0115927	3.4e-09	314633	NA	NA	NA
rs3740415	10	104232716	G	A	0.457364	1.07106	0.0115926	3.2e-09	314633	NA	NA	NA
rs3740416	10	104230437	C	G	0.896669	0.984668	0.0189799	0.42	314633	NA	NA	NA
rs3740417	10	104211058	G	C	0.923548	1.04561	0.0223998	0.046	314633	NA	NA	NA
rs3740418	10	104158933	C	G	0.669378	0.994573	0.0122849	0.66	314633	NA	NA	NA
rs3740606	10	104445368	G	A	0.693424	0.989196	0.0126183	0.39	314633	NA	NA	NA
rs3758547	10	104261963	C	T	0.974521	1.03164	0.0367531	0.4	314633	NA	NA	NA
rs3758549	10	104004195	G	A	0.80181	1.00754	0.0145036	0.6	314633	NA	NA	NA
rs3758551	10	104002409	A	G	0.374478	1.00565	0.0119474	0.64	314633	NA	NA	NA
rs3758552	10	103992964	T	C	0.372506	1.00596	0.0119603	0.62	314633	NA	NA	NA
rs3758553	10	103992599	C	T	0.373957	1.00585	0.011951	0.63	314633	NA	NA	NA
rs376089186	10	104097126	C	CA	0.61974	0.96239	0.0123659	0.0019	314633	NA	NA	NA
rs376891853	10	104397008	G	GAT	0.395883	1.0576	0.0118442	2.3e-06	314633	NA	NA	NA
rs377150629	10	104229309	G	GT	0.603259	1.06903	0.0129293	2.4e-07	314633	NA	NA	NA
rs377209236	10	104209406	T	TTG	0.183594	0.958727	0.0155059	0.0066	314633	NA	NA	NA
rs377386812	10	104326808	G	A	0.989383	1.11263	0.0594101	0.072	314633	NA	NA	NA
rs3781289	10	104244991	G	T	0.646444	0.93959	0.0120855	2.5e-07	314633	NA	NA	NA
rs3781290	10	104244948	G	C	0.625328	0.941716	0.0119369	4.9e-07	314633	NA	NA	NA
rs3781291	10	104166466	T	G	0.713176	0.962486	0.0129606	0.0032	314633	NA	NA	NA
rs3781292	10	104166464	G	A	0.715422	0.961682	0.0129685	0.0026	314633	NA	NA	NA
rs3781293	10	104166257	T	C	0.860538	1.02538	0.0167414	0.13	314633	NA	NA	NA
rs3781295	10	104140602	G	A	0.631469	0.992515	0.0119982	0.53	314633	NA	NA	NA
rs3781571	10	104442457	C	T	0.699647	0.988206	0.0126706	0.35	314633	NA	NA	NA
rs3802678	10	104115395	A	T	0.783323	1.01764	0.0140229	0.21	314633	NA	NA	NA
rs3802680	10	104114886	C	T	0.774854	0.982485	0.0138564	0.2	314633	NA	NA	NA
rs3802681	10	104114328	T	C	0.627172	0.993598	0.0119594	0.59	314633	NA	NA	NA
rs3808934	10	104264280	C	T	0.647365	0.93867	0.0120968	1.7e-07	314633	NA	NA	NA
rs3808937	10	104230012	C	T	0.791657	1.01227	0.0142356	0.39	314633	NA	NA	NA
rs3808938	10	103993689	C	G	0.37386	1.00586	0.0119505	0.63	314633	NA	NA	NA
rs3818470	10	104263675	T	C	0.647436	0.939171	0.012094	2.1e-07	314633	NA	NA	NA
rs3824756	10	104359350	T	C	0.920853	0.977651	0.0213997	0.29	314633	NA	NA	NA
rs3839934	10	104352124	C	CCATTT	0.573137	0.938952	0.0116851	7e-08	314633	NA	NA	NA
rs3850699	10	104414221	A	G	0.70791	1.0695	0.0127171	1.3e-07	314633	NA	NA	NA
rs3862030	10	104327584	A	G	0.574444	0.936842	0.0116846	2.4e-08	314633	NA	NA	NA
rs3862031	10	104412742	G	T	0.317301	1.05975	0.0124124	2.9e-06	314633	NA	NA	NA
rs3929747	10	104214267	C	T	0.787085	0.962227	0.0143026	0.0071	314633	NA	NA	NA
rs3934495	10	104361711	C	T	0.92094	0.978346	0.021417	0.31	314633	NA	NA	NA
rs3934960	10	104355275	A	G	0.425688	1.06778	0.0116834	2e-08	314633	NA	NA	NA
rs3936016	10	104354509	C	T	0.951116	1.09758	0.0271309	6e-04	314633	NA	NA	NA
rs3936017	10	104354424	T	C	0.574403	0.936887	0.0116834	2.4e-08	314633	NA	NA	NA
rs3961455	10	104421471	G	A	0.740486	1.0073	0.0131849	0.58	314633	NA	NA	NA
rs3961456	10	104425304	A	T	0.31719	1.0591	0.0124276	3.8e-06	314633	NA	NA	NA
rs3961457	10	104429639	G	A	0.107305	1.02636	0.0187017	0.16	314633	NA	NA	NA
rs3977736	10	104447629	T	C	0.788245	0.99034	0.0142581	0.5	314633	NA	NA	NA
rs3977743	10	104414183	G	A	0.688943	0.998718	0.0125035	0.92	314633	NA	NA	NA
rs3977744	10	104414184	A	T	0.68896	0.998783	0.0125037	0.92	314633	NA	NA	NA
rs3977746	10	104419492	T	C	0.713951	0.997891	0.0127794	0.87	314633	NA	NA	NA
rs3977747	10	104421568	T	G	0.713859	0.997682	0.0127826	0.86	314633	NA	NA	NA
rs3977748	10	104422348	C	T	0.713913	0.997715	0.0127833	0.86	314633	NA	NA	NA
rs3977749	10	104424234	G	A	0.983217	1.0592	0.0451032	0.2	314633	NA	NA	NA
rs3977755	10	104420210	C	T	0.713994	0.99784	0.0127819	0.87	314633	NA	NA	NA
rs3977756	10	104398582	G	A	0.39543	1.05877	0.0118139	1.3e-06	314633	NA	NA	NA
rs3977758	10	104131751	G	C	0.774812	0.982193	0.0138588	0.19	314633	NA	NA	NA
rs41287457	10	104161724	A	G	0.93913	0.969995	0.0242241	0.21	314633	NA	NA	NA
rs41287458	10	104163370	T	A	0.981018	1.03746	0.042586	0.39	314633	NA	NA	NA
rs41287460	10	104164488	G	A	0.939066	0.971842	0.0242131	0.24	314633	NA	NA	NA
rs41287462	10	104184213	G	A	0.784477	1.01055	0.0140635	0.46	314633	NA	NA	NA
rs41287466	10	104391587	G	A	0.954089	1.00585	0.0277253	0.83	314633	NA	NA	NA
rs41293034	10	104118273	C	T	0.972189	0.993137	0.0358409	0.85	314633	NA	NA	NA
rs41293036	10	104118983	G	C	0.97789	1.00215	0.0395074	0.96	314633	NA	NA	NA
rs41293040	10	104142712	G	A	0.986623	0.998744	0.0519839	0.98	314633	NA	NA	NA
rs41297161	10	104387103	G	T	0.966303	0.973413	0.0323127	0.4	314633	NA	NA	NA
rs41306870	10	104229785	C	T	0.457365	1.07114	0.0115923	3.1e-09	314633	NA	NA	NA
rs41308675	10	104436519	G	A	0.966341	1.00658	0.0320342	0.84	314633	NA	NA	NA
rs41371753	10	104162365	A	C	0.981229	0.993427	0.0426657	0.88	314633	NA	NA	NA
rs4146426	10	104404335	A	T	0.956712	0.951663	0.0284125	0.081	314633	NA	NA	NA
rs4146428	10	104401721	G	A	0.920651	0.983432	0.0213821	0.43	314633	NA	NA	NA
rs4146429	10	104401632	T	C	0.920651	0.983431	0.0213821	0.43	314633	NA	NA	NA
rs4244350	10	104008751	G	A	0.374625	1.00589	0.0119464	0.62	314633	NA	NA	NA
rs4244351	10	104008870	G	C	0.374597	1.00589	0.0119455	0.62	314633	NA	NA	NA
rs4244354	10	104426177	G	A	0.919526	0.992301	0.0212605	0.72	314633	NA	NA	NA
rs4264100	10	104454113	C	G	0.682002	1.06321	0.0124792	9e-07	314633	NA	NA	NA
rs4285804	10	104386309	T	A	0.437493	1.06593	0.011651	4.3e-08	314633	NA	NA	NA
rs4323806	10	104422012	A	G	0.317539	1.05987	0.0124166	2.8e-06	314633	NA	NA	NA
rs4331020	10	104102331	G	A	0.625334	0.994134	0.0119407	0.62	314633	NA	NA	NA
rs4408249	10	104374653	T	A	0.572399	0.937589	0.0116984	3.6e-08	314633	NA	NA	NA
rs4522108	10	104422046	C	T	0.684083	1.06563	0.0124412	3.2e-07	314633	NA	NA	NA
rs4526717	10	104316327	G	A	0.653603	0.938851	0.012144	2e-07	314633	NA	NA	NA
rs45487496	10	104157947	C	A	0.971911	1.06174	0.0350846	0.088	314633	NA	NA	NA
rs45516493	10	104378363	G	A	0.861046	0.952147	0.016742	0.0034	314633	NA	NA	NA
rs4556473	10	104454700	T	C	0.618383	0.956669	0.0119371	0.00021	314633	NA	NA	NA
rs45597333	10	104235972	G	A	0.896919	0.984447	0.0190068	0.41	314633	NA	NA	NA
rs4604806	10	104373904	G	A	0.574353	0.9368	0.0116871	2.3e-08	314633	NA	NA	NA
rs4606423	10	104427253	A	G	0.566318	0.98275	0.011733	0.14	314633	NA	NA	NA
rs4917968	10	104220576	C	T	0.860695	0.97401	0.0166897	0.11	314633	NA	NA	NA
rs4917973	10	104333700	C	T	0.574465	0.936729	0.0116839	2.2e-08	314633	NA	NA	NA
rs4917975	10	104358407	C	G	0.574453	0.936692	0.0116835	2.2e-08	314633	NA	NA	NA
rs4917976	10	104360518	C	T	0.574473	0.936808	0.011684	2.3e-08	314633	NA	NA	NA
rs4917977	10	104363119	C	T	0.574417	0.93679	0.0116836	2.3e-08	314633	NA	NA	NA
rs4917978	10	104366353	T	C	0.574396	0.936816	0.0116833	2.3e-08	314633	NA	NA	NA
rs4917979	10	104388710	T	C	0.920856	0.981302	0.0213961	0.38	314633	NA	NA	NA
rs4919620	10	103998258	A	G	0.372621	1.0063	0.0119597	0.6	314633	NA	NA	NA
rs4919621	10	103998671	A	T	0.373097	1.00577	0.0119575	0.63	314633	NA	NA	NA
rs4919622	10	104012941	T	C	0.372695	1.0064	0.0119567	0.59	314633	NA	NA	NA
rs4919623	10	104013092	G	C	0.372636	1.0063	0.011957	0.6	314633	NA	NA	NA
rs4919624	10	104021085	A	G	0.795807	1.02467	0.0143321	0.089	314633	NA	NA	NA
rs4919626	10	104079818	T	C	0.795987	1.02599	0.0143272	0.073	314633	NA	NA	NA
rs4919627	10	104081389	C	T	0.836177	0.992888	0.0155995	0.65	314633	NA	NA	NA
rs4919632	10	104157727	C	T	0.0190348	1.00625	0.0423432	0.88	314633	NA	NA	NA
rs4919637	10	104208761	C	G	0.182094	0.963875	0.0152348	0.016	314633	NA	NA	NA
rs4919638	10	104214878	T	G	0.933599	0.953623	0.0233556	0.042	314633	NA	NA	NA
rs4919639	10	104216859	C	G	0.93373	0.95555	0.0232984	0.051	314633	NA	NA	NA
rs4919640	10	104217415	C	T	0.830122	0.955253	0.0155381	0.0032	314633	NA	NA	NA
rs4919641	10	104217503	T	G	0.0672803	1.04764	0.0230575	0.044	314633	NA	NA	NA
rs4919643	10	104222377	G	C	0.859417	0.968004	0.0166444	0.051	314633	NA	NA	NA
rs4919644	10	104229588	G	A	0.89764	0.981905	0.0190504	0.34	314633	NA	NA	NA
rs4919647	10	104250754	A	C	0.897811	0.981046	0.0190722	0.32	314633	NA	NA	NA
rs4919649	10	104272336	T	C	0.899781	0.979425	0.0192354	0.28	314633	NA	NA	NA
rs4919650	10	104273863	C	T	0.899715	0.979661	0.0192313	0.29	314633	NA	NA	NA
rs4919652	10	104274157	C	A	0.899789	0.979527	0.0192375	0.28	314633	NA	NA	NA
rs4919656	10	104282861	G	A	0.899835	0.979146	0.0192445	0.27	314633	NA	NA	NA
rs4919661	10	104358403	T	C	0.574453	0.93669	0.0116835	2.2e-08	314633	NA	NA	NA
rs4919663	10	104363293	T	C	0.574666	0.936582	0.0116892	2.1e-08	314633	NA	NA	NA
rs4919664	10	104363408	A	C	0.57442	0.936813	0.0116839	2.3e-08	314633	NA	NA	NA
rs4919665	10	104366042	T	C	0.574396	0.936816	0.0116833	2.3e-08	314633	NA	NA	NA
rs4919666	10	104384029	G	A	0.920915	0.981177	0.0214174	0.37	314633	NA	NA	NA
rs4919667	10	104426011	T	C	0.317363	1.05895	0.0124282	4.1e-06	314633	NA	NA	NA
rs4919669	10	104471975	T	A	0.919609	0.987513	0.0212455	0.55	314633	NA	NA	NA
rs5011218	10	104401218	A	C	0.920629	0.983477	0.0213819	0.44	314633	NA	NA	NA
rs527511483	10	104402372	C	G	0.974315	1.01059	0.0370162	0.78	314633	NA	NA	NA
rs528033675	10	104207085	T	TAAAAAAAAAAA	0.0190655	1.00251	0.0436777	0.95	314633	NA	NA	NA
rs530403111	10	104018540	A	G	0.861016	0.990769	0.0172047	0.59	314633	NA	NA	NA
rs531053423	10	104348149	C	CA	0.923089	0.986843	0.0227424	0.56	314633	NA	NA	NA
rs531512801	10	104192184	C	CG	0.805577	1.0085	0.0147691	0.57	314633	NA	NA	NA
rs532661658	10	104252758	C	CAAAA	0.0385741	1.00305	0.0324699	0.93	314633	NA	NA	NA
rs534274959	10	104278272	G	GTCTATCTA	0.456595	1.06728	0.0116488	2.3e-08	314633	NA	NA	NA
rs535524717	10	104456024	A	AT	0.490817	0.951591	0.0126868	9.2e-05	314633	NA	NA	NA
rs537137839	10	104426995	C	CA	0.929978	0.995012	0.0238282	0.83	314633	NA	NA	NA
rs538414437	10	104144401	T	A	0.940281	1.01629	0.0280859	0.57	314633	NA	NA	NA
rs540392800	10	104307583	C	CG	0.980877	0.963012	0.0432452	0.38	314633	NA	NA	NA
rs541858690	10	104370149	C	CAAAAAAA	0.0296627	0.975432	0.041967	0.55	314633	NA	NA	NA
rs542763296	10	104312712	T	G	0.982537	1.09831	0.0601378	0.12	314633	NA	NA	NA
rs543813987	10	104067958	T	TA	0.535443	0.992404	0.0121784	0.53	314633	NA	NA	NA
rs543918042	10	104338463	C	CA	0.644266	0.938902	0.0125981	5.6e-07	314633	NA	NA	NA
rs545274926	10	104295734	A	T	0.917389	0.981521	0.024006	0.44	314633	NA	NA	NA
rs551679541	10	104192643	G	GTC	0.960877	0.986346	0.0303687	0.65	314633	NA	NA	NA
rs552485773	10	104031869	A	AT	0.630701	0.970027	0.0121362	0.012	314633	NA	NA	NA
rs554001558	10	104382467	T	C	0.984032	1.07927	0.0475533	0.11	314633	NA	NA	NA
rs556979265	10	104206845	T	G	0.978658	0.934814	0.0413326	0.1	314633	NA	NA	NA
rs557290157	10	104295687	A	AGAT	0.657445	1.01896	0.0130575	0.15	314633	NA	NA	NA
rs55750901	10	104134104	C	CA	0.630268	0.991392	0.0120627	0.47	314633	NA	NA	NA
rs558642207	10	104229299	A	AGGT	0.49095	1.07443	0.0118186	1.2e-09	314633	NA	NA	NA
rs55920875	10	104251242	T	C	0.701032	1.01542	0.0126151	0.23	314633	NA	NA	NA
rs55932369	10	104225223	C	T	0.971609	0.980545	0.0359157	0.58	314633	NA	NA	NA
rs55970842	10	104171094	C	A	0.797139	1.0197	0.0143696	0.17	314633	NA	NA	NA
rs56033220	10	104054143	C	CT	0.642578	0.993425	0.012304	0.59	314633	NA	NA	NA
rs56071457	10	104476293	T	C	0.985373	0.946869	0.0489943	0.27	314633	NA	NA	NA
rs560787070	10	104147564	C	CA	0.809275	1.02635	0.0150723	0.084	314633	NA	NA	NA
rs56115161	10	104079091	C	A	0.614409	0.996941	0.0120326	0.8	314633	NA	NA	NA
rs56164723	10	104100813	T	C	0.964165	0.983247	0.0310317	0.59	314633	NA	NA	NA
rs56219824	10	104302337	C	T	0.651675	0.941507	0.0121285	6.7e-07	314633	NA	NA	NA
rs56223674	10	104098164	A	T	0.962919	0.992106	0.0309283	0.8	314633	NA	NA	NA
rs56238324	10	104149814	C	G	0.669119	0.995249	0.0122814	0.7	314633	NA	NA	NA
rs56254970	10	104219293	A	G	0.534777	0.994184	0.0116539	0.62	314633	NA	NA	NA
rs563062469	10	104121807	C	T	0.516207	1.00563	0.0131838	0.67	314633	NA	NA	NA
rs563088071	10	104010300	T	A	0.976213	1.05407	0.038819	0.17	314633	NA	NA	NA
rs56312327	10	104215373	T	TG	0.72329	1.01599	0.0130412	0.22	314633	NA	NA	NA
rs563496108	10	104265795	T	TG	0.651465	0.936754	0.0121349	7.3e-08	314633	NA	NA	NA
rs563575790	10	104189938	C	T	0.989836	1.10408	0.0619402	0.11	314633	NA	NA	NA
rs56384670	10	104179219	C	A	0.785827	1.01127	0.0140915	0.43	314633	NA	NA	NA
rs563881260	10	104423545	A	T	0.975119	0.925742	0.0375008	0.04	314633	NA	NA	NA
rs56397707	10	104302693	T	C	0.651673	0.941509	0.0121285	6.7e-07	314633	NA	NA	NA
rs566355104	10	104198238	T	A	0.986139	0.936754	0.0508877	0.2	314633	NA	NA	NA
rs56771365	10	104448939	G	A	0.681934	1.06328	0.0124788	8.8e-07	314633	NA	NA	NA
rs56940532	10	104206808	T	C	0.938547	0.966662	0.0243276	0.16	314633	NA	NA	NA
rs569766315	10	104228423	C	CA	0.534218	1.07906	0.0121876	4.3e-10	314633	NA	NA	NA
rs57066328	10	104367582	C	T	0.984972	1.00667	0.0484354	0.89	314633	NA	NA	NA
rs570792918	10	103982932	C	T	0.985866	1.02935	0.0531725	0.59	314633	NA	NA	NA
rs57098505	10	104203821	C	CT	0.203534	0.966602	0.014842	0.022	314633	NA	NA	NA
rs574549035	10	104323558	C	T	0.986638	1.0248	0.0544282	0.65	314633	NA	NA	NA
rs575015098	10	104119535	C	CT	0.775041	1.01134	0.0143564	0.43	314633	NA	NA	NA
rs575838806	10	104208934	C	G	0.9841	0.925588	0.0513676	0.13	314633	NA	NA	NA
rs5787464	10	104298106	C	CT	0.651917	0.941304	0.0121458	6.3e-07	314633	NA	NA	NA
rs5787468	10	104395879	C	CT	0.37128	1.05144	0.0124339	5.5e-05	314633	NA	NA	NA
rs58114614	10	104395409	T	C	0.975406	0.924264	0.037287	0.035	314633	NA	NA	NA
rs5870	10	104239100	T	C	0.455726	1.06754	0.0115932	1.7e-08	314633	NA	NA	NA
rs59426691	10	104238461	G	C	0.646729	0.939592	0.0120894	2.5e-07	314633	NA	NA	NA
rs59474492	10	104217411	C	T	0.946086	1.0392	0.0256713	0.13	314633	NA	NA	NA
rs59791256	10	104143581	T	C	0.980801	0.984215	0.042254	0.71	314633	NA	NA	NA
rs60059658	10	104037166	T	C	0.979308	0.947	0.0412854	0.19	314633	NA	NA	NA
rs60154233	10	104075217	A	G	0.776018	0.981621	0.0138732	0.18	314633	NA	NA	NA
rs60866450	10	104079131	T	TA	0.835509	0.991292	0.0155908	0.57	314633	NA	NA	NA
rs61057264	10	103994936	A	C	0.876637	0.986385	0.017588	0.44	314633	NA	NA	NA
rs61691222	10	104420754	C	T	0.757294	1.00285	0.0134912	0.83	314633	NA	NA	NA
rs61709367	10	104056814	G	GA	0.625472	0.994407	0.0119401	0.64	314633	NA	NA	NA
rs61869164	10	104425772	G	A	0.975337	0.92944	0.0373003	0.05	314633	NA	NA	NA
rs61869169	10	104434250	C	T	0.975267	0.935305	0.0373927	0.074	314633	NA	NA	NA
rs61869210	10	104437175	A	C	0.697186	0.952987	0.0126254	0.00014	314633	NA	NA	NA
rs61869211	10	104449836	A	G	0.704865	0.952819	0.0127429	0.00015	314633	NA	NA	NA
rs61869601	10	104276802	T	C	0.647486	0.939028	0.0120951	2e-07	314633	NA	NA	NA
rs61869602	10	104278306	T	C	0.591264	1.04443	0.0118012	0.00023	314633	NA	NA	NA
rs61871067	10	104295382	C	T	0.678209	0.948298	0.0123647	1.8e-05	314633	NA	NA	NA
rs61871069	10	104302127	A	G	0.651528	0.94135	0.0121273	6.2e-07	314633	NA	NA	NA
rs61871133	10	104329162	C	T	0.974869	0.924925	0.0371192	0.036	314633	NA	NA	NA
rs61871134	10	104330990	A	G	0.934713	0.949937	0.0235175	0.029	314633	NA	NA	NA
rs61871136	10	104349697	G	A	0.987929	0.887187	0.054512	0.028	314633	NA	NA	NA
rs61871137	10	104361451	C	T	0.975	0.919301	0.0371738	0.024	314633	NA	NA	NA
rs61873660	10	104138996	C	T	0.940852	0.96716	0.024557	0.17	314633	NA	NA	NA
rs61873662	10	104155823	A	T	0.988822	0.961187	0.058416	0.5	314633	NA	NA	NA
rs61873665	10	104189852	G	A	0.939206	0.968963	0.0242749	0.19	314633	NA	NA	NA
rs61873698	10	104207431	C	T	0.921685	0.990603	0.021732	0.66	314633	NA	NA	NA
rs61873703	10	104234282	A	G	0.974932	0.925842	0.0372325	0.039	314633	NA	NA	NA
rs61873704	10	104236929	T	C	0.643584	0.935249	0.0120716	2.9e-08	314633	NA	NA	NA
rs61873733	10	104251458	G	A	0.647036	0.938648	0.0120895	1.6e-07	314633	NA	NA	NA
rs61874833	10	103979113	G	A	0.980472	0.920565	0.0419507	0.048	314633	NA	NA	NA
rs61874851	10	103985887	G	T	0.963279	1.00923	0.0307312	0.76	314633	NA	NA	NA
rs61874852	10	104012285	G	A	0.94073	0.965128	0.0245202	0.15	314633	NA	NA	NA
rs61874853	10	104015737	C	T	0.940721	0.965282	0.0245177	0.15	314633	NA	NA	NA
rs61874855	10	104037333	G	A	0.940739	0.965511	0.0245272	0.15	314633	NA	NA	NA
rs61874856	10	104038766	A	G	0.940738	0.965532	0.024527	0.15	314633	NA	NA	NA
rs61874857	10	104051165	G	T	0.963264	1.01547	0.0306406	0.62	314633	NA	NA	NA
rs61875777	10	104123615	G	T	0.980461	0.924094	0.0419295	0.06	314633	NA	NA	NA
rs62649691	10	104397624	G	A	0.38962	1.05882	0.0118898	1.5e-06	314633	NA	NA	NA
rs6584499	10	104188259	G	T	0.324035	1.00266	0.012367	0.83	314633	NA	NA	NA
rs6584500	10	104205504	A	G	0.181639	0.966105	0.0150544	0.022	314633	NA	NA	NA
rs6584504	10	104253507	T	C	0.647471	0.939117	0.0120942	2.1e-07	314633	NA	NA	NA
rs6584506	10	104254428	T	C	0.647471	0.939117	0.0120942	2.1e-07	314633	NA	NA	NA
rs6584507	10	104254623	G	A	0.647471	0.939117	0.0120942	2.1e-07	314633	NA	NA	NA
rs6584508	10	104258567	A	G	0.647417	0.939188	0.0120936	2.1e-07	314633	NA	NA	NA
rs6584510	10	104299868	T	G	0.651645	0.941568	0.0121285	6.9e-07	314633	NA	NA	NA
rs6584512	10	104329685	A	G	0.574467	0.936753	0.0116839	2.2e-08	314633	NA	NA	NA
rs6584513	10	104334645	G	A	0.57446	0.936691	0.0116841	2.2e-08	314633	NA	NA	NA
rs67616158	10	104441149	C	CA	0.56561	1.02728	0.0130876	0.04	314633	NA	NA	NA
rs67646802	10	104303748	C	T	0.746167	1.07023	0.0132758	3.2e-07	314633	NA	NA	NA
rs7068535	10	104349127	C	T	0.653596	0.938746	0.0121446	1.9e-07	314633	NA	NA	NA
rs7069356	10	104254359	G	C	0.647472	0.939122	0.0120942	2.1e-07	314633	NA	NA	NA
rs7070591	10	104277123	A	C	0.699916	1.01523	0.0126009	0.23	314633	NA	NA	NA
rs7072014	10	104420078	C	T	0.973539	0.932215	0.0360085	0.051	314633	NA	NA	NA
rs7072351	10	104265047	C	T	0.647621	0.938901	0.0120964	1.9e-07	314633	NA	NA	NA
rs7072723	10	104349483	G	A	0.57441	0.93685	0.0116835	2.4e-08	314633	NA	NA	NA
rs7074343	10	104283165	G	A	0.647715	0.939105	0.0120971	2.1e-07	314633	NA	NA	NA
rs7074444	10	104249922	A	G	0.646565	0.939518	0.0120841	2.4e-07	314633	NA	NA	NA
rs7075269	10	104365724	G	A	0.574396	0.936816	0.0116833	2.3e-08	314633	NA	NA	NA
rs7075281	10	104220301	C	A	0.684781	1.00854	0.01248	0.5	314633	NA	NA	NA
rs7076748	10	104150142	G	C	0.733574	0.982302	0.013077	0.17	314633	NA	NA	NA
rs7076749	10	104469728	T	A	0.693899	0.988625	0.0126196	0.36	314633	NA	NA	NA
rs7077329	10	104161967	T	C	0.33619	1.00598	0.0122565	0.63	314633	NA	NA	NA
rs7077678	10	104438565	C	T	0.624959	0.954071	0.0119935	8.8e-05	314633	NA	NA	NA
rs7078435	10	104304766	T	C	0.6517	0.940941	0.0121329	5.2e-07	314633	NA	NA	NA
rs7078511	10	104283874	C	A	0.453631	1.06763	0.011603	1.7e-08	314633	NA	NA	NA
rs7078679	10	104284017	C	G	0.453599	1.0678	0.0116031	1.6e-08	314633	NA	NA	NA
rs7079810	10	104243883	C	T	0.646724	0.939683	0.012085	2.6e-07	314633	NA	NA	NA
rs7080055	10	104008280	A	C	0.37273	1.00631	0.0119574	0.6	314633	NA	NA	NA
rs7081110	10	104231651	A	G	0.457262	1.07075	0.0115924	3.7e-09	314633	NA	NA	NA
rs7081467	10	104231662	G	C	0.457265	1.07077	0.0115925	3.7e-09	314633	NA	NA	NA
rs7083450	10	103984060	C	T	0.155921	1.03241	0.0159452	0.045	314633	NA	NA	NA
rs7086205	10	104202729	C	T	0.163349	0.964427	0.0156348	0.021	314633	NA	NA	NA
rs7086898	10	104386152	A	G	0.920837	0.980935	0.0214009	0.37	314633	NA	NA	NA
rs7087665	10	104282418	T	C	0.647692	0.939216	0.0120968	2.2e-07	314633	NA	NA	NA
rs7087984	10	104380686	G	A	0.574489	0.937183	0.0116897	2.9e-08	314633	NA	NA	NA
rs7088470	10	104434194	A	G	0.973428	0.93865	0.0361038	0.079	314633	NA	NA	NA
rs7090034	10	104281155	C	G	0.647489	0.939081	0.0120948	2e-07	314633	NA	NA	NA
rs7090276	10	104281239	G	T	0.647489	0.939081	0.0120948	2e-07	314633	NA	NA	NA
rs7091252	10	104328859	G	T	0.57446	0.936743	0.011684	2.2e-08	314633	NA	NA	NA
rs7092622	10	104249919	T	G	0.64711	0.938636	0.0120959	1.6e-07	314633	NA	NA	NA
rs7093028	10	104259417	A	G	0.647415	0.939194	0.0120936	2.1e-07	314633	NA	NA	NA
rs7093285	10	104374815	G	C	0.65485	0.938943	0.0121567	2.2e-07	314633	NA	NA	NA
rs7093928	10	104010702	G	A	0.597565	0.990542	0.0118008	0.42	314633	NA	NA	NA
rs7094188	10	104334589	G	A	0.920869	0.977883	0.0214013	0.3	314633	NA	NA	NA
rs7094325	10	104429746	G	C	0.68391	1.06574	0.012455	3.2e-07	314633	NA	NA	NA
rs7094366	10	104274730	C	G	0.647486	0.939028	0.0120951	2e-07	314633	NA	NA	NA
rs7094614	10	104334874	G	C	0.920869	0.977885	0.0214013	0.3	314633	NA	NA	NA
rs7094751	10	104274818	G	A	0.647484	0.939038	0.012095	2e-07	314633	NA	NA	NA
rs7094906	10	104217441	A	G	0.760302	1.0197	0.0135419	0.15	314633	NA	NA	NA
rs7096072	10	104299976	C	T	0.651714	0.941802	0.012129	7.7e-07	314633	NA	NA	NA
rs7096601	10	104432024	T	C	0.973534	0.938716	0.0361056	0.08	314633	NA	NA	NA
rs7100753	10	104300979	C	T	0.651526	0.941355	0.0121272	6.2e-07	314633	NA	NA	NA
rs71016384	10	104229373	A	AG	0.790561	1.01172	0.0142447	0.41	314633	NA	NA	NA
rs71016385	10	104235055	C	CA	0.465121	1.06744	0.0116929	2.4e-08	314633	NA	NA	NA
rs71016400	10	104409779	T	TTGCCCCTCCCTGCCC	0.0371817	1.0296	0.0370534	0.43	314633	NA	NA	NA
rs71471241	10	104056952	T	C	0.876223	0.986728	0.0175376	0.45	314633	NA	NA	NA
rs71471245	10	104281423	C	G	0.977065	1.07849	0.039544	0.056	314633	NA	NA	NA
rs71474568	10	104348848	T	TTG	0.659993	1.01419	0.0122298	0.25	314633	NA	NA	NA
rs715438	10	104258303	C	T	0.647589	0.939309	0.0120955	2.3e-07	314633	NA	NA	NA
rs715439	10	104257809	A	C	0.647423	0.939166	0.0120936	2.1e-07	314633	NA	NA	NA
rs715440	10	104258095	A	T	0.455616	1.06736	0.0116	1.9e-08	314633	NA	NA	NA
rs71912020	10	104327966	T	TA	0.671873	0.931849	0.0126284	2.3e-08	314633	NA	NA	NA
rs72845082	10	104330878	T	A	0.867714	1.0004	0.017275	0.98	314633	NA	NA	NA
rs72845100	10	104367377	A	G	0.969039	1.00918	0.0342321	0.79	314633	NA	NA	NA
rs72845640	10	104006347	T	C	0.943577	0.963632	0.0251652	0.14	314633	NA	NA	NA
rs72845653	10	104038974	G	A	0.943551	0.966632	0.025172	0.18	314633	NA	NA	NA
rs72845655	10	104044034	A	G	0.980768	0.99112	0.0455307	0.84	314633	NA	NA	NA
rs72845660	10	104071973	C	G	0.783393	1.01741	0.0140165	0.22	314633	NA	NA	NA
rs72845661	10	104072456	C	T	0.970587	1.00494	0.0341201	0.89	314633	NA	NA	NA
rs72845663	10	104081349	C	T	0.627215	0.993473	0.0119545	0.58	314633	NA	NA	NA
rs72845666	10	104088300	A	G	0.943965	0.966643	0.0253267	0.18	314633	NA	NA	NA
rs72845670	10	104106200	T	C	0.608181	0.992237	0.0118371	0.51	314633	NA	NA	NA
rs72845675	10	104146022	T	C	0.961292	0.990021	0.030338	0.74	314633	NA	NA	NA
rs72845686	10	104147866	C	T	0.842584	0.967969	0.0159016	0.041	314633	NA	NA	NA
rs72845693	10	104161168	G	A	0.988147	0.994476	0.0542902	0.92	314633	NA	NA	NA
rs72845694	10	104169733	C	T	0.673147	0.99691	0.012308	0.8	314633	NA	NA	NA
rs72845696	10	104187404	C	T	0.784484	1.01037	0.0140855	0.46	314633	NA	NA	NA
rs72845701	10	104197327	A	G	0.893303	0.981675	0.0188114	0.33	314633	NA	NA	NA
rs72845807	10	104385132	G	A	0.73105	1.00737	0.0130476	0.57	314633	NA	NA	NA
rs72845815	10	104425626	G	T	0.869512	0.944413	0.0173005	0.00095	314633	NA	NA	NA
rs72847727	10	104244799	G	A	0.989205	0.969776	0.0597871	0.61	314633	NA	NA	NA
rs72847735	10	104256208	C	T	0.986802	0.995333	0.0525352	0.93	314633	NA	NA	NA
rs72847755	10	104295443	T	C	0.98374	0.984521	0.0467116	0.74	314633	NA	NA	NA
rs72847767	10	104329670	C	T	0.988412	0.970255	0.0561102	0.59	314633	NA	NA	NA
rs729023	10	104341887	C	T	0.573667	0.936767	0.0116887	2.3e-08	314633	NA	NA	NA
rs729024	10	104341975	T	C	0.574402	0.936879	0.0116835	2.4e-08	314633	NA	NA	NA
rs729025	10	104342206	C	T	0.920879	0.977144	0.0214032	0.28	314633	NA	NA	NA
rs733283	10	103996576	A	T	0.372667	1.00606	0.0119591	0.61	314633	NA	NA	NA
rs73344887	10	103980241	T	C	0.981104	0.986036	0.0425322	0.74	314633	NA	NA	NA
rs7341995	10	104223831	G	A	0.458331	1.07044	0.0115929	4.3e-09	314633	NA	NA	NA
rs7342070	10	104223628	T	C	0.454439	1.07067	0.0115981	3.9e-09	314633	NA	NA	NA
rs7358266	10	104247463	A	G	0.646558	0.939333	0.0120849	2.2e-07	314633	NA	NA	NA
rs7358268	10	104247589	C	T	0.646565	0.939519	0.0120841	2.4e-07	314633	NA	NA	NA
rs7358269	10	104247538	G	A	0.646708	0.939536	0.0120862	2.5e-07	314633	NA	NA	NA
rs74153155	10	104216592	C	T	0.725147	1.01689	0.0130023	0.2	314633	NA	NA	NA
rs74309119	10	104078232	G	GC	0.625211	0.994025	0.0119469	0.62	314633	NA	NA	NA
rs74496492	10	104285824	G	A	0.988479	1.0105	0.0549081	0.85	314633	NA	NA	NA
rs74501283	10	104013955	T	C	0.933025	1.00145	0.0231586	0.95	314633	NA	NA	NA
rs74550252	10	104232524	G	C	0.983381	1.0533	0.0453949	0.25	314633	NA	NA	NA
rs74557492	10	104350225	A	G	0.779256	1.07432	0.0139334	2.7e-07	314633	NA	NA	NA
rs74558061	10	104384337	A	G	0.921061	0.982211	0.0214338	0.4	314633	NA	NA	NA
rs74606364	10	104198111	G	A	0.93131	0.994282	0.0229504	0.8	314633	NA	NA	NA
rs74625455	10	104424619	G	A	0.987883	1.01206	0.0527692	0.82	314633	NA	NA	NA
rs74626918	10	104315668	T	G	0.988299	1.02125	0.0539634	0.7	314633	NA	NA	NA
rs746551	10	104342583	T	C	0.982991	1.05703	0.0448559	0.22	314633	NA	NA	NA
rs746552	10	104342501	A	G	0.653577	0.939009	0.0121433	2.2e-07	314633	NA	NA	NA
rs74671162	10	104133802	C	T	0.989005	1.02309	0.056762	0.69	314633	NA	NA	NA
rs7475335	10	104343428	C	A	0.659153	1.01471	0.0122047	0.23	314633	NA	NA	NA
rs7475806	10	104255813	C	T	0.647421	0.939163	0.0120936	2.1e-07	314633	NA	NA	NA
rs7476050	10	104427083	A	G	0.625356	0.995835	0.0119816	0.73	314633	NA	NA	NA
rs74854733	10	104364223	A	G	0.929129	1.01597	0.022505	0.48	314633	NA	NA	NA
rs74861159	10	104379588	G	A	0.957398	1.00766	0.0286381	0.79	314633	NA	NA	NA
rs74878980	10	104195026	C	CA	0.877147	1.02087	0.017726	0.24	314633	NA	NA	NA
rs74908306	10	104233229	C	G	0.973593	1.02692	0.0362088	0.46	314633	NA	NA	NA
rs74979525	10	104212629	G	T	0.984584	0.985134	0.0469629	0.75	314633	NA	NA	NA
rs74984643	10	104284660	C	T	0.983234	1.09234	0.0512461	0.085	314633	NA	NA	NA
rs74998680	10	104365741	C	G	0.988443	1.01975	0.0543311	0.72	314633	NA	NA	NA
rs75059264	10	104013595	C	G	0.955013	1.04712	0.0284093	0.11	314633	NA	NA	NA
rs75079151	10	103982278	A	G	0.97049	0.977447	0.0344636	0.51	314633	NA	NA	NA
rs75314618	10	104383973	C	T	0.988976	1.01084	0.0565754	0.85	314633	NA	NA	NA
rs75483685	10	104227833	G	A	0.962737	1.05301	0.0323502	0.11	314633	NA	NA	NA
rs75558045	10	104384211	C	CT	0.920245	0.981483	0.0213833	0.38	314633	NA	NA	NA
rs75630054	10	104430386	A	C	0.930588	1.01714	0.022798	0.46	314633	NA	NA	NA
rs75679796	10	104281962	C	T	0.957622	1.00858	0.028758	0.77	314633	NA	NA	NA
rs75779120	10	104167034	G	A	0.940637	1.09911	0.0246573	0.00013	314633	NA	NA	NA
rs75796566	10	104119704	G	A	0.970674	0.984285	0.0345031	0.65	314633	NA	NA	NA
rs75805294	10	104087214	G	A	0.979193	0.92733	0.0404674	0.062	314633	NA	NA	NA
rs75808770	10	104279346	A	T	0.929598	1.01702	0.0226634	0.46	314633	NA	NA	NA
rs75845365	10	104038763	T	G	0.981323	0.985983	0.0426524	0.74	314633	NA	NA	NA
rs75857566	10	104019489	A	G	0.97978	1.0302	0.0410388	0.47	314633	NA	NA	NA
rs75950986	10	104415690	G	T	0.978805	0.957252	0.0400918	0.28	314633	NA	NA	NA
rs76019731	10	104428104	G	A	0.976847	1.07595	0.0391375	0.061	314633	NA	NA	NA
rs76085620	10	104219908	T	C	0.957039	1.09015	0.0290643	0.003	314633	NA	NA	NA
rs76140648	10	104328895	A	G	0.978249	0.968938	0.0401926	0.43	314633	NA	NA	NA
rs76151100	10	104142783	C	T	0.981468	0.993386	0.0428999	0.88	314633	NA	NA	NA
rs76302201	10	104181366	G	C	0.939078	0.970767	0.024216	0.22	314633	NA	NA	NA
rs76633616	10	104118634	T	C	0.933147	1.00102	0.0232024	0.96	314633	NA	NA	NA
rs76897907	10	104328115	G	A	0.982998	1.05675	0.0448681	0.22	314633	NA	NA	NA
rs76963132	10	104278055	A	C	0.983114	1.0577	0.0449342	0.21	314633	NA	NA	NA
rs77041839	10	104078587	G	A	0.93331	1.00116	0.0231781	0.96	314633	NA	NA	NA
rs77060053	10	104217753	A	G	0.846022	1.02083	0.0160042	0.2	314633	NA	NA	NA
rs77091257	10	104349723	T	G	0.985945	1.0628	0.0504487	0.23	314633	NA	NA	NA
rs77114650	10	104372022	C	T	0.971995	1.02572	0.0350038	0.47	314633	NA	NA	NA
rs772008	10	104067023	A	G	0.625424	0.994076	0.0119413	0.62	314633	NA	NA	NA
rs772010	10	104064885	C	G	0.626825	0.994399	0.0119504	0.64	314633	NA	NA	NA
rs772012	10	104063367	A	G	0.626717	0.994348	0.0119504	0.64	314633	NA	NA	NA
rs772014	10	104062494	A	G	0.607826	0.993296	0.0118334	0.57	314633	NA	NA	NA
rs772015	10	104061026	C	T	0.626991	0.994336	0.0119526	0.63	314633	NA	NA	NA
rs772016	10	104031289	T	C	0.626862	0.994293	0.0119504	0.63	314633	NA	NA	NA
rs772018	10	104029803	T	C	0.627343	0.993974	0.0119529	0.61	314633	NA	NA	NA
rs772019	10	104029792	T	C	0.6274	0.993797	0.0119531	0.6	314633	NA	NA	NA
rs772021	10	104036449	T	A	0.626019	0.993818	0.0119429	0.6	314633	NA	NA	NA
rs772022	10	104036008	G	A	0.626043	0.993822	0.0119436	0.6	314633	NA	NA	NA
rs772023	10	104076025	G	A	0.625294	0.994216	0.0119409	0.63	314633	NA	NA	NA
rs772024	10	104075936	T	C	0.625348	0.994378	0.0119404	0.64	314633	NA	NA	NA
rs772025	10	104075721	T	C	0.625396	0.994376	0.0119403	0.64	314633	NA	NA	NA
rs772026	10	104075541	T	G	0.625377	0.994448	0.01194	0.64	314633	NA	NA	NA
rs772027	10	104074322	T	A	0.625374	0.994518	0.0119404	0.65	314633	NA	NA	NA
rs772029	10	104072327	T	C	0.627264	0.993869	0.011953	0.61	314633	NA	NA	NA
rs772030	10	104023871	C	T	0.608255	0.992862	0.0118367	0.55	314633	NA	NA	NA
rs772031	10	104021541	A	G	0.156104	1.03497	0.0159429	0.031	314633	NA	NA	NA
rs772032	10	104056466	C	T	0.625476	0.994594	0.0119411	0.65	314633	NA	NA	NA
rs772033	10	104056268	A	G	0.625432	0.994363	0.0119403	0.64	314633	NA	NA	NA
rs77308618	10	104415821	A	C	0.972262	0.964639	0.0364335	0.32	314633	NA	NA	NA
rs77389536	10	104168125	T	C	0.796859	1.02049	0.0143631	0.16	314633	NA	NA	NA
rs77516398	10	104216605	G	T	0.725169	1.0166	0.0130025	0.21	314633	NA	NA	NA
rs77616533	10	104055983	A	G	0.863029	1.03265	0.0168142	0.056	314633	NA	NA	NA
rs77630251	10	104338370	C	G	0.921009	0.978245	0.0214175	0.3	314633	NA	NA	NA
rs77666293	10	104259101	C	T	0.93086	1.01228	0.0228203	0.59	314633	NA	NA	NA
rs77733074	10	104135450	C	T	0.981296	0.987029	0.0426881	0.76	314633	NA	NA	NA
rs77799815	10	104356185	C	G	0.984831	0.939863	0.0480011	0.2	314633	NA	NA	NA
rs77886504	10	103999779	G	A	0.971807	0.989431	0.0354333	0.76	314633	NA	NA	NA
rs78020516	10	104453905	C	T	0.987292	0.887674	0.0533071	0.025	314633	NA	NA	NA
rs78059814	10	104070016	A	G	0.981188	0.984193	0.0425099	0.71	314633	NA	NA	NA
rs78060343	10	104058521	G	A	0.970422	0.98508	0.0342906	0.66	314633	NA	NA	NA
rs78069802	10	104324906	T	G	0.929186	1.01456	0.0225134	0.52	314633	NA	NA	NA
rs78145470	10	104172112	C	T	0.981727	1.00169	0.0436705	0.97	314633	NA	NA	NA
rs78170991	10	104196050	A	G	0.971384	0.989238	0.0350031	0.76	314633	NA	NA	NA
rs78221767	10	104004653	T	G	0.933194	1.0027	0.0231665	0.91	314633	NA	NA	NA
rs78385669	10	104060435	G	T	0.988594	1.03043	0.0554788	0.59	314633	NA	NA	NA
rs78418271	10	104415777	G	C	0.985298	0.944327	0.048841	0.24	314633	NA	NA	NA
rs78531123	10	104082953	G	A	0.933322	1.00155	0.0231808	0.95	314633	NA	NA	NA
rs78549129	10	104376946	C	T	0.987857	1.02625	0.0527674	0.62	314633	NA	NA	NA
rs78644554	10	104037744	T	C	0.963576	0.983351	0.0309382	0.59	314633	NA	NA	NA
rs78657278	10	104296419	T	G	0.901151	1.0931	0.019644	5.9e-06	314633	NA	NA	NA
rs78678650	10	104190524	G	A	0.980975	0.98854	0.0425241	0.79	314633	NA	NA	NA
rs78837000	10	104352912	C	T	0.976545	1.08896	0.0388389	0.028	314633	NA	NA	NA
rs78909007	10	104011317	A	G	0.981252	0.984383	0.0425849	0.71	314633	NA	NA	NA
rs7893155	10	104294228	C	A	0.651488	0.941264	0.0121278	6e-07	314633	NA	NA	NA
rs7893687	10	104457603	T	A	0.693665	0.988418	0.0126181	0.36	314633	NA	NA	NA
rs7893954	10	104318966	A	G	0.713912	0.951719	0.0127802	0.00011	314633	NA	NA	NA
rs7894593	10	104194081	G	A	0.938591	0.968428	0.0241862	0.18	314633	NA	NA	NA
rs78958848	10	104105725	G	C	0.952871	1.05667	0.027356	0.044	314633	NA	NA	NA
rs7896542	10	104197450	T	C	0.938414	0.966632	0.0241731	0.16	314633	NA	NA	NA
rs7896841	10	104294665	C	T	0.651658	0.94147	0.0121283	6.6e-07	314633	NA	NA	NA
rs7897368	10	104295155	A	G	0.65166	0.941457	0.0121283	6.6e-07	314633	NA	NA	NA
rs7897947	10	104157711	T	G	0.794301	0.988817	0.0142941	0.43	314633	NA	NA	NA
rs7898166	10	104349962	A	G	0.574409	0.936853	0.0116835	2.4e-08	314633	NA	NA	NA
rs7898410	10	104245858	T	C	0.646579	0.93948	0.0120841	2.4e-07	314633	NA	NA	NA
rs7898499	10	104011953	C	T	0.98128	0.983786	0.0426196	0.7	314633	NA	NA	NA
rs7898507	10	104255106	C	G	0.647467	0.939116	0.0120942	2.1e-07	314633	NA	NA	NA
rs7898716	10	104255098	G	A	0.647869	0.938985	0.0121018	2e-07	314633	NA	NA	NA
rs7899004	10	104341435	T	C	0.575519	0.936901	0.0116957	2.5e-08	314633	NA	NA	NA
rs7899576	10	104307504	G	A	0.651823	0.940229	0.0121297	3.8e-07	314633	NA	NA	NA
rs7900450	10	104456310	C	T	0.682003	1.06323	0.0124793	9e-07	314633	NA	NA	NA
rs7902306	10	104290462	C	T	0.691774	0.943115	0.0125176	2.9e-06	314633	NA	NA	NA
rs7902317	10	104266230	G	C	0.453552	1.06736	0.0116044	1.9e-08	314633	NA	NA	NA
rs7902537	10	104042609	G	A	0.981033	0.983261	0.0423349	0.69	314633	NA	NA	NA
rs7904252	10	104456725	G	T	0.682014	1.0632	0.0124796	9.1e-07	314633	NA	NA	NA
rs7904396	10	104456838	G	A	0.682026	1.06316	0.0124797	9.2e-07	314633	NA	NA	NA
rs7904955	10	104367092	C	T	0.654717	0.939147	0.0121556	2.4e-07	314633	NA	NA	NA
rs7905481	10	104476292	T	C	0.682085	1.06341	0.01248	8.4e-07	314633	NA	NA	NA
rs7906115	10	104327164	A	G	0.57446	0.936804	0.0116841	2.3e-08	314633	NA	NA	NA
rs7907090	10	104385398	G	A	0.988096	1.01627	0.0532988	0.76	314633	NA	NA	NA
rs7907417	10	104370662	T	C	0.42572	1.06735	0.0116833	2.4e-08	314633	NA	NA	NA
rs7907503	10	104440050	C	T	0.68224	1.06306	0.0124809	9.6e-07	314633	NA	NA	NA
rs7907760	10	104345197	C	T	0.574412	0.93687	0.0116835	2.4e-08	314633	NA	NA	NA
rs7908249	10	104373300	A	G	0.574476	0.936811	0.0116841	2.3e-08	314633	NA	NA	NA
rs7910191	10	104385622	C	T	0.988095	1.01472	0.0532782	0.78	314633	NA	NA	NA
rs7910399	10	103997077	C	T	0.939394	0.965776	0.0242612	0.15	314633	NA	NA	NA
rs7912339	10	104373758	G	C	0.574466	0.936859	0.0116855	2.4e-08	314633	NA	NA	NA
rs7912901	10	104277440	T	C	0.647486	0.939028	0.0120951	2e-07	314633	NA	NA	NA
rs7913281	10	104010142	A	G	0.835745	0.994117	0.0155946	0.71	314633	NA	NA	NA
rs7913991	10	103997523	A	T	0.939345	0.965412	0.0242524	0.15	314633	NA	NA	NA
rs7914158	10	104422321	C	T	0.633472	0.995242	0.0119867	0.69	314633	NA	NA	NA
rs7914389	10	104295402	T	C	0.651514	0.941298	0.0121271	6.1e-07	314633	NA	NA	NA
rs7915589	10	104299264	G	A	0.651529	0.941353	0.0121273	6.2e-07	314633	NA	NA	NA
rs79159857	10	104296418	C	G	0.901199	1.09333	0.0196509	5.6e-06	314633	NA	NA	NA
rs7916092	10	104425471	T	C	0.684185	1.06538	0.0124488	3.6e-07	314633	NA	NA	NA
rs7916262	10	104015818	G	T	0.374583	1.00583	0.0119443	0.63	314633	NA	NA	NA
rs7917158	10	104246471	C	A	0.64659	0.939656	0.0120842	2.6e-07	314633	NA	NA	NA
rs7917402	10	104246690	C	T	0.646586	0.939542	0.0120843	2.5e-07	314633	NA	NA	NA
rs7917525	10	104246755	C	G	0.646563	0.939527	0.0120842	2.4e-07	314633	NA	NA	NA
rs7921010	10	104192826	G	T	0.802656	1.00798	0.0145782	0.59	314633	NA	NA	NA
rs7922780	10	104401203	G	A	0.395574	1.05866	0.0118103	1.4e-06	314633	NA	NA	NA
rs7923183	10	103992569	A	G	0.37248	1.00596	0.0119613	0.62	314633	NA	NA	NA
rs7923415	10	104418656	C	T	0.633519	0.995214	0.0119845	0.69	314633	NA	NA	NA
rs7923675	10	104235809	G	T	0.536603	0.933041	0.0116464	2.7e-09	314633	NA	NA	NA
rs79247559	10	104215003	T	G	0.981392	1.00179	0.0433769	0.97	314633	NA	NA	NA
rs79299693	10	104408847	C	T	0.983244	1.05813	0.0451253	0.21	314633	NA	NA	NA
rs79305676	10	104443875	C	A	0.952495	1.09586	0.027732	0.00096	314633	NA	NA	NA
rs79356410	10	104107191	C	T	0.933219	1.00215	0.0231792	0.93	314633	NA	NA	NA
rs79468648	10	104068047	A	T	0.980076	0.925258	0.0417147	0.063	314633	NA	NA	NA
rs796427	10	104066117	C	A	0.626856	0.994274	0.0119519	0.63	314633	NA	NA	NA
rs79868665	10	104036715	T	G	0.981332	0.983667	0.0426675	0.7	314633	NA	NA	NA
rs79931565	10	104175649	A	G	0.933047	0.997785	0.0231643	0.92	314633	NA	NA	NA
rs80146619	10	104405850	G	A	0.747553	0.95221	0.0133753	0.00025	314633	NA	NA	NA
rs80157931	10	104301732	C	G	0.651714	0.941799	0.012129	7.7e-07	314633	NA	NA	NA
rs80171687	10	104471012	A	G	0.931475	1.01592	0.0229341	0.49	314633	NA	NA	NA
rs80221737	10	104047619	C	T	0.981181	0.978587	0.0424927	0.61	314633	NA	NA	NA
rs80282642	10	104124737	C	T	0.981486	0.99264	0.0429042	0.86	314633	NA	NA	NA
rs80339617	10	104407463	C	T	0.98323	1.05709	0.0451129	0.22	314633	NA	NA	NA
rs812799	10	104036355	G	A	0.625984	0.993788	0.0119428	0.6	314633	NA	NA	NA
rs8354	10	104436641	C	T	0.920093	0.990003	0.0213068	0.64	314633	NA	NA	NA
rs884825	10	104427616	T	G	0.106931	1.02493	0.018723	0.19	314633	NA	NA	NA
rs913025	10	104276043	C	T	0.647633	0.939184	0.0120962	2.1e-07	314633	NA	NA	NA
rs927821	10	104207799	C	A	0.182314	0.965613	0.0150759	0.02	314633	NA	NA	NA
rs945779	10	104112816	A	G	0.981234	0.984567	0.0425941	0.72	314633	NA	NA	NA
rs945781	10	104085921	C	T	0.836399	0.993451	0.0156091	0.67	314633	NA	NA	NA
rs9664049	10	104000307	C	T	0.374494	1.00565	0.0119478	0.64	314633	NA	NA	NA
rs9665587	10	104192567	C	A	0.772708	0.979369	0.0137795	0.13	314633	NA	NA	NA
rs9665626	10	104300638	C	G	0.0790222	1.0237	0.0214104	0.27	314633	NA	NA	NA
rs9665632	10	104300640	G	A	0.651507	0.941363	0.0121276	6.3e-07	314633	NA	NA	NA
rs9731547	10	104199090	G	C	0.938414	0.966601	0.0241749	0.16	314633	NA	NA	NA
rs9783158	10	104340704	C	T	0.425816	1.06752	0.0116838	2.2e-08	314633	NA	NA	NA
rs9988738	10	104296213	C	T	0.65164	0.941132	0.0121285	5.7e-07	314633	NA	NA	NA
