SNP	POS	OR	SE	PVAL
rs1536308	104288777	1.07745	0.0224	0.0008499
rs140074117	104388038	0.95485	0.2228	0.8357
rs112560636	104104822	0.96377	0.0392	0.3469
rs5011218	104401218	1.0538	0.0372	0.1587
rs11191266	104108414	0.927	0.0634	0.2317
rs7896841	104294665	0.9283	0.0224	0.0008806
rs12784822	104076091	1.18424	0.1513	0.2639
rs148855837	104194080	0.88994	0.1284	0.3642
rs7907760	104345197	0.91494	0.0213	3.08E-05
rs78802230	104315215	0.9976	0.2406	0.9921
rs28408682	104403310	0.9351	0.0237	0.004685
chr10_104288764_I	104288764	0.9756	0.0968	0.799
rs188210510	104334974	1.01643	0.2976	0.9562
rs56254970	104219293	0.96822	0.0217	0.1375
rs139176218	104352925	0.84934	0.1317	0.215
rs76897907	104328115	1.24857	0.0773	0.004075
rs141274295	104280812	0.8287	0.2292	0.4124
rs4919641	104217503	1.002	0.0431	0.963
rs772010	104064885	1.00904	0.0216	0.6775
rs3936017	104354424	1.09352	0.0213	2.73E-05
rs117345621	104447013	0.89039	0.0897	0.1956
rs193100699	104345590	1.31049	0.2565	0.2918
rs1541049	103997084	0.98946	0.0217	0.6256
rs927821	104207799	0.92543	0.0279	0.005442
rs71471241	104056952	0.96127	0.0339	0.2443
rs182620116	104426664	1.06727	0.0813	0.4231
rs117589665	104000008	1.00854	0.0457	0.8532
rs7907503	104440050	1.05739	0.0225	0.01329
rs145750924	104095869	0.77623	0.1748	0.1472
rs11598806	104247236	1.09878	0.0683	0.168
rs4919650	104273863	0.93025	0.0346	0.03664
rs192646107	104214877	1.16988	0.1997	0.4321
rs7091252	104328859	0.91448	0.0213	2.82E-05
rs75053929	104110166	1.23208	0.2125	0.326
rs78145470	104172112	1.08037	0.1494	0.6047
rs12763794	104227661	0.9101	0.0212	9.23E-06
rs61874856	104038766	1.03087	0.0432	0.4824
rs1541046	104005386	1.00934	0.0217	0.6678
rs3781292	104166464	1.00793	0.024	0.7413
rs72845661	104072456	1.14912	0.0651	0.03272
chr10_104258082_I	104258082	1.04289	0.0252	0.09594
rs149099411	104288395	0.91824	0.1269	0.5013
rs10748828	104456794	0.94677	0.0225	0.01498
rs2002917	104431271	0.93913	0.0332	0.05873
rs149754618	104386094	1.19268	0.1255	0.1602
chr10_104423188_I	104423188	0.93557	0.0395	0.09178
rs147857323	104126188	1.16358	0.1053	0.15
chr10_104319127_D	104319127	1.09111	0.0214	4.43E-05
rs7893954	104318966	1.09166	0.0238	0.0002247
rs4919661	104358403	1.09243	0.0213	3.37E-05
rs12414479	104420902	0.93697	0.0242	0.007086
rs4917973	104333700	0.91485	0.0213	2.99E-05
rs11191313	104278618	0.92293	0.0225	0.0003674
rs41287460	104164488	0.9719	0.0431	0.5091
rs10883763	104427825	0.93501	0.0379	0.07614
rs3961456	104425304	0.93295	0.0232	0.002805
rs1056740	104236552	0.93109	0.0223	0.001382
rs34755137	104326807	0.97853	0.0545	0.6899
rs149476518	104429293	0.84705	0.2048	0.4176
rs4919663	104363293	1.09297	0.0213	2.96E-05
rs12357886	104337945	1.09779	0.0215	1.48E-05
rs149803153	104197626	0.96425	0.1738	0.8339
rs11596235	104391034	1.05643	0.0235	0.01956
rs772026	104075541	1.00975	0.0217	0.6526
rs117104675	104121131	1.2933	0.0682	0.000161
chr10_104079075_D	104079075	0.99223	0.0307	0.7998
rs12764219	104398895	1.07358	0.0237	0.002775
chr10_104217804_I	104217804	0.93445	0.0303	0.02539
rs3808937	104230012	1.06994	0.0264	0.01028
rs9731547	104199090	0.98501	0.0444	0.7344
rs12769882	104422543	0.93267	0.0338	0.03895
rs10883736	104320029	0.91695	0.0213	4.72E-05
rs10748823	104274465	1.08329	0.0231	0.0005465
rs76151100	104142783	0.99481	0.0751	0.9447
rs76085620	104219908	1.05506	0.0539	0.3197
rs12767131	104268626	0.92802	0.0232	0.001265
rs7072001	104468667	0.95085	0.0428	0.2381
rs7068535	104349127	0.92515	0.0224	0.0005072
rs72845815	104425626	0.956	0.0356	0.2061
rs7087984	104380686	0.91521	0.0214	3.34E-05
rs10883743	104338389	1.09297	0.0213	3.08E-05
chr10_104097615_D	104097615	1.24408	0.272	0.4219
rs35332469	104217592	0.9799	0.0233	0.3824
rs61873662	104155823	1.14798	0.1317	0.2946
rs1081655	104053595	0.99432	0.0217	0.7928
rs11191288	104201598	0.98955	0.0231	0.6482
rs11595170	104339851	0.91704	0.0215	5.49E-05
rs10786701	104412308	0.94374	0.0378	0.1259
rs729024	104341975	1.09264	0.0213	3.27E-05
chr10_103981830_D	103981830	1.11963	0.0891	0.2044
rs78020516	104453905	1.07283	0.1139	0.5374
rs7093285	104374815	0.92561	0.0224	0.0005695
rs7076748	104150142	0.96948	0.0239	0.1951
rs11191301	104247681	0.92876	0.0224	0.0009474
rs146848699	104066372	1.28711	0.069	0.0002537
rs142303328	104072771	0.96291	0.1366	0.7817
rs2863708	104204290	0.92312	0.0275	0.003643
rs11191242	103983087	0.98531	0.0211	0.4837
rs2296582	104244139	0.92774	0.0224	0.0007959
chr10_104423527_D	104423527	0.95066	0.0575	0.3787
rs11593061	104398288	0.94271	0.0244	0.01572
rs72847751	104282929	1.09768	0.1693	0.5822
rs12779854	104358474	1.09472	0.0213	2.19E-05
rs61874857	104051165	0.93258	0.0612	0.2542
rs11191283	104163569	0.9982	0.0222	0.9371
rs812799	104036355	0.99054	0.0216	0.6602
rs183759993	104148496	0.82094	0.1138	0.08313
rs41287458	104163370	0.97083	0.0959	0.7578
rs2251772	104470918	1.04039	0.0238	0.09649
rs141844044	104099858	0.93016	0.0538	0.1782
rs12778231	104184189	0.94554	0.0274	0.0409
rs4917965	103981106	1.4563	0.2291	0.1009
rs34058856	104369323	1.05686	0.0252	0.02807
chr10_104340978_I	104340978	0.9122	0.0216	2.09E-05
rs11191293	104221539	1.02583	0.0215	0.236
rs4604806	104373904	0.91521	0.0213	3.30E-05
rs11191321	104293412	0.9283	0.0224	0.0008709
rs7089279	104469427	0.999	0.0231	0.966
rs79386852	104105551	0.94724	0.1792	0.7624
rs6584510	104299868	1.07691	0.0224	0.000912
rs189114363	104234835	0.92118	0.1641	0.6168
rs75796566	104119704	0.99342	0.0792	0.9339
rs41293040	104142712	0.97863	0.0946	0.8196
rs72847735	104256208	0.95075	0.0828	0.5416
rs35200058	104002372	1.32406	0.2093	0.1799
rs17114540	104243065	1.2968	0.2173	0.2316
rs2485375	104049966	0.99124	0.0216	0.6833
rs75845365	104038763	0.98807	0.0741	0.8713
rs11191294	104225837	1.07735	0.0228	0.001113
rs192094209	104191539	1.10484	0.1134	0.3796
rs150249909	104310765	1.08632	0.189	0.6614
rs11191304	104255284	0.9283	0.0223	0.0008359
rs4919639	104216859	0.99471	0.0437	0.9033
rs190697053	104219157	0.86858	0.0923	0.1266
rs17780834	104091096	1.01116	0.0457	0.8088
rs74496492	104285824	1.40074	0.0899	0.0001772
rs77041839	104078587	0.98926	0.0457	0.8135
rs4244351	104008870	1.00884	0.0216	0.6855
rs12569901	104025410	1.00975	0.0309	0.7535
rs1043450	104434209	1.06513	0.0233	0.006924
rs183758306	103994939	0.96561	0.0479	0.4641
chr10_104204558_D	104204558	0.97932	0.0261	0.4221
rs78418271	104415777	0.8863	0.0882	0.1714
rs192275342	104402856	1.12727	0.1171	0.3062
rs72845670	104106200	1.01035	0.0215	0.6322
rs141933852	104445963	1.0519	0.1591	0.7502
rs12414033	104460035	0.96002	0.0239	0.08751
rs3977756	104398582	1.09155	0.0219	6.33E-05
rs187432878	104017603	1.11216	0.1218	0.3829
rs12782556	104047552	0.94686	0.0276	0.04742
chr10_104050897_D	104050897	0.99223	0.074	0.9166
chr10_104156392_I	104156392	1.00331	0.0228	0.8852
rs11191279	104161221	0.80517	0.0904	0.01645
rs2479546	104057794	1.16626	0.0413	0.0001984
rs61871133	104329162	0.92979	0.0732	0.3199
rs77666293	104259101	1.00743	0.0443	0.8672
rs12767100	104338014	0.91604	0.022	6.92E-05
rs181159756	104027553	1.0558	0.2967	0.8548
rs10748826	104354804	1.09417	0.0214	2.70E-05
rs117356225	104431918	0.97054	0.086	0.7277
rs715438	104258303	0.92904	0.0223	0.0009647
rs181689400	104362435	0.79604	0.2682	0.3951
rs3781293	104166257	1.00602	0.0323	0.8528
chr10_104230930_D	104230930	0.93735	0.0219	0.003069
rs72845693	104161168	0.90168	0.1119	0.355
rs11191284	104164210	0.97424	0.0255	0.3065
rs184483454	104240013	1.02061	0.2187	0.9257
chr10_104216762_I	104216762	1.12772	0.1275	0.3458
rs4244350	104008751	1.00955	0.0216	0.6614
rs183666024	104061891	0.76208	0.1273	0.03285
rs116922992	104144449	1.07756	0.1621	0.6449
chr10_104249623_I	104249623	0.92774	0.0225	0.0008454
rs146983609	104237837	1.12738	0.1229	0.3295
chr10_104312086_D	104312086	0.99412	0.0403	0.8845
rs147293352	104022627	1.38847	0.1799	0.06813
rs4919666	104384029	0.94064	0.0379	0.1061
rs7081467	104231662	1.09988	0.0212	7.10E-06
rs61873660	104138996	0.97746	0.0433	0.599
rs140285267	104475632	0.94007	0.1327	0.6414
rs10786697	104378563	0.91448	0.0213	2.81E-05
rs72845694	104169733	0.9988	0.0222	0.9582
rs7075829	104447431	1.0557	0.1091	0.6189
rs3781295	104140602	0.9979	0.0219	0.9222
chr10_104286836_D	104286836	1.07562	0.0724	0.3137
rs117516904	104309482	1.27138	0.1513	0.1125
rs148445461	103990477	1.6423	0.2658	0.06195
rs28881790	104151812	1.02973	0.0247	0.2353
rs4146428	104401721	0.93454	0.038	0.07465
rs115039829	104147705	1.02963	0.0432	0.4988
chr10_104241138_I	104241138	0.92969	0.0224	0.001149
rs150280914	104388117	0.97239	0.0805	0.7275
rs61874833	103979113	0.87005	0.0806	0.08433
chr10_104206836_D	104206836	1.05696	0.0298	0.06259
rs4244354	104426177	0.93594	0.0379	0.08075
rs11191296	104238558	0.94914	0.0354	0.1404
rs12781714	104087864	1.05908	0.0277	0.03842
rs189346969	104261986	0.89199	0.0998	0.2522
rs10786696	104378134	1.09243	0.0213	3.38E-05
rs138724629	104004012	0.9969	0.0775	0.9678
rs10883719	103977898	1.01096	0.0289	0.7063
rs10883744	104347247	1.09297	0.0213	3.07E-05
rs11598715	104246927	1.15269	0.0716	0.04718
rs772021	104036449	0.98936	0.0216	0.6203
rs17782856	104325984	0.94139	0.081	0.4559
rs191311252	104091720	1.18661	0.25	0.4937
rs74671162	104133802	1.49676	0.0945	1.96E-05
rs11591681	104313377	1.038	0.0237	0.1152
rs7898507	104255106	1.07756	0.023	0.001182
chr10_104313527_D	104313527	1.05834	0.0379	0.1344
rs12769291	104462981	0.94658	0.0225	0.01459
rs180957032	104221805	1.11327	0.1303	0.4103
rs182934198	104104953	0.79342	0.1135	0.04152
rs2479551	104030201	0.99124	0.0216	0.6854
rs2282295	104174895	0.93819	0.0357	0.07369
rs11191268	104115262	0.89915	0.0594	0.07378
rs187804551	104096874	1.0538	0.2415	0.8281
rs184897221	104064974	1.18851	0.1333	0.1953
rs13287	104240438	1.07778	0.0223	0.0007964
rs117779480	104080583	0.98827	0.0457	0.797
rs11191368	104449444	0.92478	0.0376	0.03771
rs76686711	104298417	0.98216	0.2241	0.9359
rs113422568	104337938	1.04718	0.0232	0.04719
rs117449769	104295236	1.00702	0.0948	0.9413
rs10748825	104293609	1.07724	0.0223	0.0008683
chr10_104177981_D	104177981	0.96686	0.0821	0.6814
rs10883733	104302203	1.10043	0.024	6.75E-05
rs3808938	103993689	0.98946	0.0217	0.6244
rs80288225	104258083	0.96986	0.0339	0.3671
rs10786667	104219132	0.96793	0.0217	0.1336
chr10_104307926_D	104307926	0.95782	0.1173	0.7135
rs146230785	104219281	1.20069	0.2581	0.4785
chr10_104227417_D	104227417	0.91229	0.0212	1.54E-05
rs138763710	104367450	1.39738	0.0899	0.0001966
rs4917976	104360518	0.91512	0.0213	3.14E-05
rs7078679	104284017	0.90674	0.0213	4.37E-06
rs56384670	104179219	0.96831	0.026	0.2147
rs1409311	104282160	0.92876	0.0223	0.000947
rs142823189	104122106	0.80509	0.09	0.01596
rs72845640	104006347	1.0835	0.0549	0.1439
rs139997466	104030118	1.28531	0.069	0.0002741
rs2273555	104127171	1.01076	0.0215	0.6179
rs11191295	104231054	0.90928	0.0212	7.22E-06
rs11191267	104112737	1.01106	0.0217	0.6102
rs772014	104062494	1.01015	0.0215	0.6386
rs78644554	104037744	1.02061	0.0734	0.7806
rs11595791	104048496	0.95868	0.0321	0.1887
rs80152299	104190503	1.0015	0.167	0.9927
rs58114614	104395409	1.09275	0.0802	0.2691
rs189716586	104164818	1.09845	0.1492	0.5291
rs7086898	104386152	1.06162	0.0378	0.1141
rs186502091	104397323	0.9606	0.0428	0.3475
rs11594302	104186829	0.94516	0.0274	0.03943
rs116239977	104272710	0.96628	0.0711	0.629
rs6584506	104254428	1.07756	0.0223	0.0007998
rs75630054	104430386	0.98955	0.0452	0.8168
rs10883729	104273943	1.07842	0.0223	0.0007206
rs186712739	104398379	0.93277	0.191	0.7158
rs1967815	104287051	0.95199	0.0244	0.044
rs191717757	104397632	1.05971	0.0396	0.1426
chr10_104155750	104155750	1.05813	0.3837	0.883
rs112896171	104255586	1.20418	0.0817	0.02302
rs10786669	104256094	1.07745	0.0223	0.0008134
chr10_103997643_D	103997643	0.99104	0.0221	0.6831
rs184301192	104447170	1.01349	0.2322	0.9541
rs772032	104056466	0.99233	0.0217	0.7216
rs11191342	104344450	0.92709	0.0224	0.0007179
rs118159536	104405779	0.90946	0.144	0.5099
rs183257597	104455016	1.05929	0.2595	0.8244
rs185333390	104397518	0.9859	0.0418	0.7338
rs17114803	104386934	1.06088	0.0378	0.1182
rs4919621	103998671	0.98995	0.0217	0.6418
rs72845663	104081349	0.98946	0.0217	0.6245
rs4264100	104454113	0.94611	0.0225	0.01381
rs772030	104023871	0.99015	0.0215	0.6444
rs146754938	104429025	1.26377	0.0934	0.01223
rs78221767	104004653	1.01066	0.0456	0.8162
rs7916092	104425471	0.94914	0.0227	0.0215
rs4919624	104021085	1.01045	0.0267	0.696
chr10_104043845_I	104043845	1.02255	0.025	0.3723
rs36103207	103988265	0.94026	0.0547	0.2602
chr10_104241136_I	104241136	0.92802	0.023	0.001138
rs111604275	104266259	1.10628	0.0482	0.03621
rs77630251	104338370	1.0595	0.0379	0.1271
rs10786704	104475010	0.9999	0.0234	0.998
rs11191320	104293394	1.07724	0.0224	0.0008692
rs41287468	104392632	0.93847	0.168	0.7057
rs74861159	104379588	1.08372	0.0549	0.1433
rs7076749	104469728	0.99501	0.0231	0.8271
rs55920875	104251242	0.92719	0.0231	0.001076
rs12761195	104465374	0.94658	0.0225	0.01462
rs9665587	104192567	0.9862	0.026	0.5925
rs181722822	104435188	1.15431	0.2366	0.5442
rs10883740	104334822	1.06109	0.038	0.1182
rs2001389	104375258	0.91512	0.0213	3.22E-05
chr10_104226408_I	104226408	0.92932	0.0225	0.001121
rs10786666	104163834	0.99183	0.023	0.7197
rs772031	104021541	1.02644	0.0284	0.3575
rs7341995	104223831	1.09977	0.0212	7.29E-06
rs3977748	104422348	1.04749	0.0237	0.05026
rs145702817	104067646	1.3964	0.1568	0.03319
rs112731942	104446927	1.07251	0.0643	0.2762
rs1752720	104025952	1.01177	0.0864	0.8922
rs61869602	104278306	0.93398	0.0251	0.00652
chr10_104081113_D	104081113	1.04227	0.0398	0.2992
rs140854610	104374122	0.9975	0.076	0.9742
rs141094828	104170591	0.9518	0.1785	0.7819
rs57066328	104367582	1.01867	0.0922	0.8407
rs186136488	104385596	1.17692	0.1172	0.1645
rs11191325	104302933	0.92876	0.0223	0.0009397
rs79356410	104107191	0.98827	0.0457	0.7956
chr10_104215075_D	104215075	0.88329	0.0351	0.0004117
rs61873665	104189852	0.98206	0.0452	0.6895
rs17782574	104279394	0.92895	0.0223	0.000966
chr10_103994935_D	103994935	1.0012	0.0223	0.9568
rs183092915	104430821	1.21921	0.1127	0.07856
rs3740606	104445368	0.998	0.0231	0.9307
rs1854291	103992122	0.98906	0.0217	0.6128
rs187271634	104397624	1.06951	0.0234	0.004105
rs76963132	104278055	0.7931	0.077	0.002613
rs117523800	104344522	1.0979	0.106	0.3785
rs188806528	104453856	0.8691	0.1992	0.4813
rs12220810	104305119	0.94554	0.0379	0.1391
rs111352561	104296046	1.10749	0.0345	0.003071
rs140060820	104083845	0.84265	0.1717	0.3187
rs11597939	104009503	0.97375	0.0259	0.3048
rs12775836	104471151	1.14958	0.1085	0.1987
rs191373988	104275993	0.9257	0.0908	0.3951
rs7075269	104365724	0.91448	0.0213	2.71E-05
rs12763720	104241983	0.95332	0.0251	0.0568
rs187362907	104211354	0.8577	0.1364	0.2606
rs7913991	103997523	1.03303	0.0431	0.4505
rs17783771	104410736	0.93295	0.0232	0.002814
rs112009583	104001402	1.0017	0.0734	0.9813
rs190474128	104041707	1.05443	0.0663	0.4235
rs148337160	104166504	1.01654	0.0458	0.721
rs4331020	104102331	0.99045	0.0217	0.657
rs112808377	104393202	0.95237	0.1413	0.7298
rs3862030	104327584	1.09232	0.0213	3.42E-05
rs11191303	104255158	1.07487	0.0235	0.002125
rs74558061	104384337	1.06343	0.038	0.1053
rs2296584	104244323	0.92219	0.0229	0.0004116
rs4919647	104250754	1.07638	0.0347	0.03371
rs772027	104074322	0.99094	0.0217	0.6728
rs1056890	104162770	0.9992	0.0222	0.972
chr10_104009854_D	104009854	0.98138	0.0242	0.4373
rs17707795	104067233	1.06141	0.0764	0.4353
rs74625455	104424619	1.09977	0.0899	0.2903
rs35000717	104100733	1.04687	0.034	0.1786
rs144895617	104095648	1.04185	0.1431	0.7744
rs139379671	104370027	1.10772	0.0766	0.1814
rs12415043	104467609	0.92044	0.0374	0.02669
rs117318434	104338489	0.79628	0.0772	0.003167
chr10_104111349_D	104111349	0.8781	0.0553	0.01869
rs12570859	104257226	1.1055	0.0212	2.30E-06
rs11191362	104419235	1.04645	0.0236	0.05469
rs1571003	104214048	1.07251	0.0283	0.01324
rs117928257	104075425	0.78435	0.114	0.03307
chr10_104246462_I	104246462	1.00743	0.0613	0.9042
rs74153155	104216592	0.94158	0.0265	0.02293
rs4919637	104208761	1.09068	0.0287	0.002484
rs78678650	104190524	1.0018	0.0772	0.9815
rs7087665	104282418	1.07444	0.0224	0.001334
rs181476741	104104429	1.06332	0.0759	0.4191
rs7898499	104011953	1.01217	0.074	0.8706
rs192582788	104302270	0.83302	0.1565	0.2432
rs3781571	104442457	1.0004	0.0231	0.9847
rs2015583	104226983	0.90992	0.0212	8.63E-06
rs181971745	103992393	1.07702	0.179	0.6784
chr10_104317808_I	104317808	1.04854	0.0252	0.05956
rs117926251	104307959	1.002	0.095	0.9829
rs144625846	104078044	1.0248	0.0327	0.4535
rs2479552	104028507	0.98857	0.0218	0.5986
rs4917979	104388710	1.03769	0.036	0.3041
rs3977743	104414183	1.04237	0.0233	0.07523
rs185410075	104321133	1.08741	0.1269	0.5089
chr10_104301162_D	104301162	0.93286	0.0494	0.1599
rs113676575	104081381	1.00572	0.0468	0.9034
rs182764670	104307383	1.06418	0.1444	0.6665
chr10_104229373_I	104229373	1.06994	0.0264	0.01028
rs147560808	104054378	1.0016	0.0775	0.9836
rs150668797	104075094	0.96098	0.1431	0.7808
rs139199315	104219473	1.19782	0.2577	0.4837
rs10786679	104315667	0.93847	0.0241	0.008483
rs74501283	104013955	1.00985	0.0457	0.83
rs3802678	104115395	1.03427	0.0255	0.1855
rs181663217	104148969	1.01898	0.164	0.9087
rs2281880	104269217	1.10639	0.0212	1.90E-06
rs192735598	104061218	1.10583	0.0611	0.09984
rs11191274	104140350	0.98797	0.0315	0.7015
rs11597058	104201995	0.94535	0.0262	0.03196
rs10883761	104420018	1.06535	0.0378	0.09388
rs7098495	104105399	1.11851	0.1988	0.5732
rs2296589	104248106	0.92821	0.0223	0.0008501
rs189163520	104255153	0.93351	0.1176	0.5587
chr10_104365489_D	104365489	0.91338	0.0213	2.14E-05
rs117895000	104267489	1.36424	0.1278	0.01509
chr10_104329988_D	104329988	1.14821	0.0881	0.1168
rs1977720	104109106	1.02061	0.0251	0.4171
rs61871158	104383218	0.86615	0.1239	0.2462
rs186037213	104236234	1.0454	0.0783	0.5708
rs145630142	104331425	0.8671	0.1692	0.3994
chr10_104339788_I	104339788	0.9977	0.0324	0.9427
rs188457393	104393645	0.80268	0.077	0.004305
rs7904396	104456838	1.0558	0.0225	0.01569
chr10_104284085_D	104284085	1.22226	0.2901	0.489
rs117714998	104440062	1.17351	0.0973	0.1
rs12782153	104368294	0.91329	0.0213	2.07E-05
rs75857566	104019489	1.06237	0.0908	0.5054
rs148990403	104225814	1.17645	0.0873	0.06261
rs7092622	104249919	1.07983	0.0236	0.001154
rs12762934	104359884	1.0497	0.0231	0.03564
rs45597333	104235972	0.93379	0.0343	0.04606
rs7080055	104008280	0.99005	0.0216	0.6429
rs56940532	104206808	1.03355	0.051	0.5183
rs140312320	103992418	0.99233	0.0457	0.8658
rs183859328	104341315	1.0979	0.106	0.3784
chr10_104302202_I	104302202	1.05138	0.027	0.06361
rs35485301	104370827	1.05675	0.0252	0.02867
rs4919622	104012941	0.99144	0.0216	0.6901
rs2031601	104308064	1.07648	0.0224	0.0009872
rs147505240	104081350	0.82762	0.1746	0.2785
rs12767683	104316581	1.04802	0.0232	0.04321
rs6421339	104452319	1.10451	0.0573	0.083
rs140702899	104452818	0.87424	0.113	0.2343
rs10786678	104313395	0.92275	0.0225	0.0003503
rs11191257	104081357	0.80461	0.0899	0.01558
rs186492821	104346360	0.82994	0.1361	0.1709
rs75679796	104281962	1.07864	0.0564	0.1794
rs3758552	103992964	0.98906	0.0217	0.6134
rs143738393	104351367	1.25583	0.0772	0.003165
rs7920274	104166356	0.68867	0.1439	0.009516
rs4919640	104217415	0.95047	0.0292	0.08175
rs11191375	104464657	1.08091	0.0375	0.03803
rs12411442	104349531	1.09385	0.0213	2.60E-05
rs140247130	103984610	1.44051	0.2259	0.1061
rs139083944	104117678	0.99144	0.0776	0.912
rs79868665	104036715	0.98817	0.0741	0.8728
rs12762305	104227623	1.10087	0.0213	6.22E-06
chr10_104154325_D	104154325	1.03118	0.024	0.2012
chr10_104315977_D	104315977	1.05866	0.0378	0.1312
rs139310175	104204626	1.44701	0.1801	0.04019
chr10_104190403_I	104190403	0.94658	0.0268	0.04045
rs111522958	104181006	0.998	0.0766	0.9794
rs72845666	104088300	1.08199	0.0548	0.1505
rs7917402	104246690	0.92784	0.0223	0.0007959
rs2296585	104245549	0.92811	0.0224	0.0008496
rs10883737	104320898	1.05749	0.0378	0.1391
rs11594914	104060756	0.96986	0.0255	0.2313
rs12241712	104408272	1.05696	0.0234	0.01765
rs191944831	104248337	1.26719	0.2271	0.2971
rs3977736	104447629	1.0003	0.026	0.9905
rs11191347	104351617	0.92645	0.0224	0.0006393
rs12765818	104260119	1.04791	0.0254	0.0659
rs17780667	104076231	0.97064	0.0255	0.2411
rs41287462	104184213	0.96339	0.026	0.1522
rs117098522	104252577	0.91165	0.0579	0.1101
rs10444069	104346166	1.09527	0.0215	2.28E-05
rs10883724	104235855	0.83427	0.2219	0.4141
rs11191364	104423549	0.92533	0.075	0.3008
rs7090034	104281155	1.07659	0.0223	0.000951
rs2281878	104210735	0.98108	0.0288	0.5077
rs1796765	104060529	0.99164	0.0216	0.6984
rs188031561	104318708	0.84198	0.1841	0.3503
rs12569526	104237007	0.9101	0.0212	8.97E-06
rs2296586	104245575	0.92719	0.0223	0.0007088
rs3977758	104131751	0.97834	0.0251	0.3828
rs181511858	104448941	1.09057	0.1926	0.6526
rs4917970	104253735	0.92386	0.1545	0.6084
rs12779853	104083908	0.94715	0.0277	0.04978
rs7893687	104457603	0.9983	0.0231	0.9428
rs11595402	104194153	1.02583	0.027	0.3432
rs117899099	104330187	0.92275	0.0845	0.3415
rs187546163	104024312	1.3226	0.167	0.09416
rs118170562	104237927	1.01217	0.1483	0.9347
rs4408249	104374653	0.91183	0.022	2.78E-05
rs117715797	104152566	0.85087	0.1071	0.1316
chr10_104400594_I	104400594	1.05908	0.0246	0.01964
rs112809254	104140355	0.99601	0.0764	0.9587
rs112291536	104199214	1.00361	0.0771	0.9624
rs144553084	104100109	0.99193	0.0742	0.913
rs7914389	104295402	1.07337	0.0223	0.001531
chr10_104170524_D	104170524	1.06503	0.076	0.4073
rs3850699	104414221	0.94544	0.0232	0.0156
rs11191373	104463676	0.95066	0.022	0.02129
rs112972631	104358178	1.06375	0.025	0.0135
rs141318718	104407775	1.40228	0.159	0.03347
rs111239920	104326582	1.07713	0.1395	0.5944
rs4526717	104316327	0.92645	0.0224	0.0006364
rs12573077	104434630	1.05317	0.0229	0.02348
rs2479550	104034634	0.98157	0.0365	0.6107
chr10_104323538_D	104323538	1.19375	0.1431	0.2158
chr10_104331594_D	104331594	0.92173	0.2934	0.7812
rs4606423	104427253	1.00371	0.0223	0.8699
rs112537748	104436608	1.16859	0.2264	0.4914
rs10786665	104117009	1.01015	0.0217	0.641
rs117016725	104049281	1.07262	0.059	0.2347
rs181749913	104397322	1.00552	0.0282	0.8452
rs56071457	104476293	1.13917	0.0883	0.1398
rs188346889	104158628	0.8927	0.1416	0.4227
rs772016	104031289	1.01248	0.022	0.5735
rs190331701	104328889	1.27405	0.2272	0.2865
rs11191358	104399250	1.09144	0.0219	6.35E-05
rs2993089	104078760	0.99035	0.0217	0.6542
rs180786252	104465998	1.01481	0.2202	0.9468
rs11191371	104459897	1.05643	0.0225	0.0146
rs11594344	104011330	0.78404	0.0689	0.0004164
rs11191251	104038543	0.80124	0.0899	0.01372
rs17114810	104391545	0.94073	0.0378	0.1067
rs117487334	104022606	1.0498	0.053	0.3597
rs10786681	104317357	0.91622	0.0213	4.04E-05
rs80282642	104124737	0.99681	0.0763	0.9666
rs10883742	104337462	0.862	0.1099	0.1766
rs11574845	104156383	0.76828	0.2086	0.2062
chr10_104319131_D	104319131	1.09024	0.024	0.0003208
rs7915589	104299264	0.92858	0.0223	0.0009078
chr10_104209407_I	104209407	0.91971	0.0293	0.004313
rs2489743	104468434	0.97746	0.0233	0.3279
rs7908249	104373300	1.09308	0.0213	2.95E-05
rs61869169	104434250	0.94923	0.0719	0.4691
rs148658224	104451328	0.97278	0.0743	0.7098
rs185380615	104234606	0.91732	0.1275	0.4985
rs17114427	104022300	1.0498	0.053	0.3596
rs79914695	104320448	0.85839	0.1403	0.2766
rs3758553	103992599	1.01116	0.0217	0.608
rs7898716	104255098	0.92737	0.0231	0.001087
chr10_104078232_I	104078232	0.99332	0.0221	0.7627
rs117971933	104312216	0.86884	0.1291	0.2761
rs2296583	104244322	1.08459	0.0229	0.0004021
rs184116965	104020220	0.85573	0.152	0.3052
rs80171687	104471012	0.98995	0.045	0.8228
rs2296579	104241375	1.07778	0.0223	0.0007964
rs149637602	104147365	0.98906	0.0311	0.7232
rs12766112	104260388	1.10407	0.0212	3.06E-06
rs192048715	104094957	0.75768	0.1785	0.1199
rs10883720	104010971	0.98699	0.0285	0.6445
rs3740409	104236645	0.93183	0.0343	0.03979
rs11594179	104392580	1.06556	0.0256	0.01319
rs111838584	104338996	1.02439	0.0924	0.7939
rs12412685	104468635	0.98275	0.0722	0.8093
rs10786673	104280537	0.92886	0.0223	0.0009464
rs913025	104276043	0.92654	0.0224	0.0006573
rs4919656	104282861	0.93641	0.0344	0.05613
rs12773600	104418228	0.93557	0.0232	0.004069
rs12357172	104388549	0.93314	0.0231	0.002761
rs4919627	104081389	0.99035	0.0285	0.7339
rs5870	104239100	0.90574	0.0212	3.07E-06
rs185556097	104397293	0.95495	0.0398	0.2469
rs12570201	104222963	0.91147	0.0213	1.31E-05
rs191173125	104399113	1.16393	0.1156	0.1893
rs144997108	104124195	0.92969	0.059	0.2168
rs78549129	104376946	0.92109	0.0945	0.3844
chr10_104400364_D	104400364	1.08361	0.0224	0.0003325
rs7899576	104307504	0.92886	0.0224	0.0009853
rs56219824	104302337	0.92895	0.0224	0.0009757
rs9664049	104000307	1.00955	0.0217	0.6615
rs7093028	104259417	1.07691	0.0223	0.000881
rs41287457	104161724	1.02768	0.0432	0.5275
rs9665632	104300640	0.92821	0.0225	0.0009139
rs61873698	104207431	0.95964	0.0513	0.4227
rs7096297	104466648	1.13928	0.066	0.04822
rs3740406	104272789	0.92672	0.0223	0.0006346
rs41297161	104387103	0.85839	0.0668	0.02218
rs12779689	104043516	1.05897	0.0277	0.03852
rs17114534	104221529	1.05443	0.0308	0.0858
rs113451617	104266239	1.05317	0.0252	0.03941
rs7081110	104231651	0.90937	0.0212	7.32E-06
rs185363417	104458554	0.8166	0.229	0.3763
rs4919664	104363408	1.09297	0.0213	2.96E-05
rs61874855	104037333	0.97064	0.0432	0.491
rs10786689	104356359	1.09253	0.0213	3.32E-05
rs2296887	104005410	1.00894	0.0303	0.7703
rs142145337	104390654	1.41581	0.1231	0.004746
rs11191291	104213502	0.92645	0.0274	0.005271
rs2485371	104034087	1.00864	0.0216	0.6901
rs17709610	104250278	0.92672	0.0231	0.001004
rs61869210	104437175	1.02491	0.0233	0.2914
rs191944003	104296537	0.80694	0.1124	0.05627
rs3781289	104244991	0.92654	0.0223	0.0006315
rs7912339	104373758	0.91485	0.0213	2.99E-05
rs78657278	104296419	1.00733	0.0367	0.8416
rs28416282	104148618	1.06258	0.029	0.03661
rs79247559	104215003	0.86649	0.0943	0.1286
rs190540429	104303492	0.92441	0.1887	0.677
rs11191328	104305185	0.92886	0.0224	0.000972
rs144487702	104200175	0.93847	0.0807	0.4312
rs113786772	104124371	1.00552	0.0746	0.941
rs12780827	104467954	0.94516	0.0225	0.01208
rs139129521	104357396	1.17117	0.1345	0.2403
rs10883731	104293127	0.94422	0.0379	0.1301
rs117929568	104088097	1.06418	0.0579	0.2825
rs3758549	104004195	1.0498	0.027	0.072
rs7075281	104220301	1.0662	0.0228	0.005002
chr10_104214079_D	104214079	0.8451	0.1456	0.2478
rs75779120	104167034	0.99213	0.0468	0.866
rs76302201	104181366	0.97521	0.0432	0.5605
rs180946644	104201784	1.13213	0.1244	0.3184
rs10786663	104064548	1.02061	0.0251	0.4154
rs112901907	104095811	0.97961	0.0285	0.4714
rs78958848	104105725	1.13883	0.0553	0.01869
chr10_104336088_I	104336088	1.34434	0.1694	0.08072
rs1133932	104215975	0.89745	0.0402	0.007073
rs2252005	104469547	0.8559	0.143	0.2766
rs4919644	104229588	0.93286	0.0343	0.04302
rs139805226	104457076	1.0286	0.117	0.8093
rs182159450	104255143	1	0.1165	0.9999
chr10_104204566_I	104204566	0.97258	0.0264	0.291
rs183293566	104203964	0.96977	0.1479	0.8357
rs11191323	104301926	0.94318	0.038	0.1233
rs142703099	104433000	0.92182	0.0773	0.2927
rs11598815	104330077	1.09472	0.0213	2.20E-05
rs185671452	104097718	1.28069	0.2718	0.3627
chr10_104278261_D	104278261	0.93007	0.0243	0.002842
chr10_104258069_I	104258069	0.94952	0.0251	0.03865
rs4556473	104454700	1.05285	0.0218	0.01814
rs11574853	104161796	0.99193	0.0766	0.9158
rs1572531	104193733	1.06301	0.0268	0.02248
rs12774693	104270005	1.07562	0.0346	0.03499
rs187575115	104383761	1.19471	0.1608	0.2687
rs10786671	104271303	0.927	0.0223	0.0006582
rs144087626	104151297	0.99154	0.0795	0.9149
rs11191275	104142800	0.98965	0.0311	0.7372
rs12261409	104428314	0.97045	0.0633	0.6358
rs181937854	104444481	0.70978	0.1811	0.05835
rs2296587	104245588	0.93379	0.023	0.002908
rs61873703	104234282	1.08415	0.0728	0.2667
rs56164723	104100813	1.02368	0.0737	0.7504
rs11191327	104303883	1.07681	0.0223	0.0009243
rs11191317	104280124	0.89844	0.0657	0.103
rs11191374	104463894	0.92081	0.1538	0.5916
rs4919667	104426011	0.9337	0.0232	0.003121
rs76003724	104428605	1.22667	0.2072	0.3241
rs3758551	104002409	0.99561	0.0217	0.8391
rs12262998	104428716	1.05993	0.0228	0.01071
chr10_104142012	104142012	1.45107	0.2974	0.2106
rs10786664	104090312	1.03904	0.1729	0.8248
rs10786683	104320476	0.91631	0.0213	4.08E-05
rs7894593	104194081	0.98699	0.0444	0.7673
rs12784963	104336986	1.09439	0.0213	2.34E-05
chr10_104097052_I	104097052	1.00361	0.2245	0.9873
rs11191356	104393489	1.05222	0.0375	0.1744
rs12572826	104132535	1.01755	0.0285	0.542
rs7922780	104401203	1.0933	0.0221	5.24E-05
rs1056857	104240003	0.92598	0.0224	0.000603
rs7069356	104254359	0.92747	0.0223	0.0007247
rs3740417	104211058	1.07015	0.0474	0.1524
rs7358269	104247538	0.92876	0.0224	0.0009474
rs36226954	104155345	1.07713	0.0585	0.2042
rs9988738	104296213	0.92747	0.0224	0.0007789
rs7923415	104418656	1.01633	0.022	0.4622
rs75079151	103982278	0.99531	0.0787	0.9525
rs117283737	104325942	0.98857	0.0784	0.883
rs11191349	104364542	1.16614	0.0878	0.08016
rs2296590	104262628	0.92886	0.0223	0.000919
rs2485376	104050006	0.99173	0.0216	0.7028
rs188160810	104397847	1.00733	0.0311	0.814
rs34309160	104034550	1.06258	0.045	0.1774
rs77114650	104372022	0.91952	0.0754	0.2657
rs772019	104029792	1.00884	0.0217	0.6853
rs116093870	103984390	1.00541	0.0456	0.9065
rs11593971	104234090	0.91147	0.0212	1.19E-05
rs187323213	104468663	0.91457	0.0579	0.1233
rs1410416	103987875	1.014	0.0211	0.5113
rs10128212	104089415	1.01379	0.0253	0.5883
rs715440	104258095	0.91247	0.0223	3.89E-05
rs6584507	104254623	0.92811	0.0223	0.0008104
rs10736156	104019447	0.97785	0.0287	0.4338
chr10_104143866_D	104143866	1.00662	0.0637	0.9171
rs7096601	104432024	1.03262	0.0635	0.613
rs7902317	104266230	1.10617	0.0212	2.02E-06
rs55970842	104171094	0.99223	0.0276	0.7782
rs11191318	104288252	1.15754	0.0667	0.02826
rs61691222	104420754	1.03728	0.0252	0.1466
rs12772375	104082688	0.96503	0.0219	0.1039
rs10883732	104293461	0.9283	0.0223	0.0008604
rs2296588	104248087	1.07735	0.0223	0.00085
rs188640072	103997926	1.05096	0.1074	0.6437
chr10_104191771_I	104191771	1.402	0.3474	0.3308
rs4146429	104401632	1.0693	0.038	0.07775
chr10_104102144_D	104102144	0.94838	0.1233	0.6671
rs188350236	104049539	0.84637	0.1997	0.4036
chr10_104268858_D	104268858	1.07713	0.0347	0.03208
chr10_104163832_I	104163832	1.05033	0.0375	0.1907
rs7917525	104246755	1.07691	0.0223	0.0009017
rs1056738	104236481	0.93576	0.0223	0.002952
rs11593526	104228017	1.10021	0.0212	6.43E-06
rs41371753	104162365	1.02204	0.0785	0.781
chr10_104435594_I	104435594	0.87959	0.0823	0.1188
rs12770498	104304667	1.06844	0.0232	0.004328
rs12573502	104223031	1.02235	0.0725	0.76
rs6584508	104258567	1.07713	0.0223	0.0008431
rs715439	104257809	1.07724	0.0223	0.0008353
rs79305676	104443875	0.96185	0.0522	0.456
rs1005044	104152143	0.9979	0.0223	0.924
chr10_104089690_I	104089690	1.14775	0.1781	0.4389
rs11599868	104201381	0.9463	0.0262	0.03505
rs6584499	104188259	1.00562	0.0224	0.8011
rs11591372	104064102	1.05919	0.0277	0.03801
rs2298278	104390303	1.06535	0.0378	0.09413
rs11191253	104066507	1.00934	0.0309	0.7647
rs77516398	104216605	0.94252	0.0265	0.02544
rs190396878	104208929	1.07208	0.1392	0.6171
rs189082906	104213493	0.63451	0.2988	0.128
rs12764388	104413385	1.0709	0.0346	0.04777
rs74908306	104233229	0.94686	0.0805	0.4971
chr10_104111540_I	104111540	0.9801	0.0285	0.4813
rs7917158	104246471	0.92774	0.0223	0.0007871
rs10883721	104137751	0.9721	0.045	0.5286
rs3808934	104264280	0.92886	0.0223	0.0009215
rs3862031	104412742	1.07176	0.0232	0.002823
rs2479548	104057688	0.99124	0.0217	0.6847
rs138300192	104440353	0.96551	0.2225	0.8748
rs2479547	104057787	1.22006	0.0557	0.0003579
rs7094906	104217441	1.07573	0.0269	0.006725
rs34349481	104444615	1.05496	0.023	0.01988
rs1409313	104191601	1.06322	0.0268	0.02215
rs1977382	104249839	0.9581	0.0241	0.07596
rs796427	104066117	0.99124	0.0216	0.6827
rs140374940	104177610	1.02562	0.0747	0.7345
rs150345569	104077105	1.02829	0.1596	0.861
rs2296578	104240974	1.07778	0.0223	0.0007926
rs150344656	104201323	0.86364	0.0829	0.07709
rs45516493	104378363	0.95887	0.034	0.2176
rs188189333	103984607	0.91512	0.1199	0.4594
rs11598884	104234588	0.92932	0.0233	0.00163
rs11191369	104457456	0.95228	0.0218	0.02488
rs12762311	104151850	1.06162	0.0381	0.1164
rs4917977	104363119	0.91475	0.0213	2.86E-05
rs150990327	104136212	0.87915	0.1165	0.2691
rs10786698	104378750	0.91512	0.0213	3.21E-05
rs7070591	104277123	0.92691	0.0232	0.001065
rs12162	104240498	1.07659	0.0223	0.0009445
rs11574851	104160959	1.09264	0.0496	0.07393
rs74606364	104198111	0.97981	0.0464	0.6608
rs7912901	104277440	1.07875	0.0223	0.0006622
rs76633616	104118634	1.01147	0.0457	0.8031
rs61873733	104251458	0.92839	0.0223	0.0008755
rs12771352	104074340	1.03998	0.0322	0.2236
rs772023	104076025	0.99213	0.0217	0.7141
rs7910399	103997077	0.96928	0.0433	0.4715
rs2031604	104297791	0.9428	0.0379	0.1206
rs7072723	104349483	0.91402	0.0217	3.50E-05
rs189561771	104452526	0.86571	0.1656	0.3839
rs138223683	104005122	1.03852	0.0931	0.6846
rs11598186	104246318	1.08004	0.0231	0.0008663
rs7902306	104290462	0.94696	0.0233	0.01947
rs184873621	104011460	1.64938	0.2911	0.08558
rs77060053	104217753	0.89503	0.0317	0.0004616
rs7077678	104438565	0.95085	0.0218	0.02088
rs146213793	104456153	1.01056	0.0694	0.8793
rs34673678	104074065	0.96175	0.0322	0.226
rs59791256	104143581	0.98787	0.0706	0.8624
rs185638592	104015833	1.04718	0.1717	0.7881
rs115712364	104205806	0.70279	0.2059	0.08668
rs1064072	104215617	1.0576	0.0259	0.03085
chr10_104016319_D	104016319	0.99551	0.0335	0.8932
rs41287466	104391587	1.07896	0.0556	0.1714
rs2296580	104241683	1.08004	0.0231	0.0008539
rs191921716	104203884	1.07154	0.1091	0.5266
rs1056741	104236640	1.07251	0.0223	0.001718
rs10883760	104419465	0.93791	0.0377	0.08946
rs7100753	104300979	0.92876	0.0223	0.0009348
rs117196884	104391584	1.07627	0.0929	0.4291
rs3740415	104232716	1.09955	0.0212	7.58E-06
rs11191240	103978925	0.97239	0.0223	0.2099
rs45487496	104157947	1.00572	0.0719	0.9372
rs4919620	103998258	0.99164	0.0217	0.7009
rs10883728	104269301	0.92876	0.0222	0.0008933
rs72845100	104367377	0.86286	0.0717	0.03948
chr10_104009849_D	104009849	0.99094	0.0216	0.6747
rs117305908	104208458	1.20695	0.064	0.003279
rs2025713	104230156	0.90928	0.0212	7.26E-06
rs1056739	104236542	1.07283	0.0223	0.001633
chr10_104163831_I	104163831	0.95897	0.0386	0.2769
rs56397707	104302693	1.07659	0.0223	0.000956
rs11191269	104120522	1.00975	0.0268	0.7176
rs77799815	104356185	1.1319	0.0855	0.1472
rs11593146	104184981	1.00351	0.0222	0.8753
rs1044476	104184081	1.05012	0.0318	0.1246
rs4917969	104234856	1.35134	0.3019	0.3186
rs182370017	104188650	0.85564	0.1025	0.1281
chr10_104206100_I	104206100	0.91384	0.0275	0.001076
rs11191250	104034780	1.01147	0.0267	0.6684
rs150515675	104275743	1.01979	0.072	0.7856
rs10883726	104236276	0.93202	0.0223	0.001597
rs11592334	104278693	1.09221	0.022	5.94E-05
rs7906115	104327164	1.09243	0.0213	3.40E-05
chr10_104160439	104160439	0.81963	0.1435	0.1657
rs80221737	104047619	1.00783	0.074	0.9159
rs2145307	104280664	0.9366	0.0344	0.05691
rs3977744	104414184	0.95935	0.0233	0.07513
rs112942339	104431204	1.15616	0.08	0.06949
rs10786682	104318322	0.91668	0.0213	4.46E-05
rs2479545	104059416	0.9175	0.1415	0.5427
rs146605063	104113936	0.71656	0.1568	0.03357
rs10748816	103987986	1.01521	0.0211	0.4744
rs11598128	104246221	1.10296	0.0212	3.86E-06
rs148341304	104256816	0.9428	0.119	0.6209
rs72845082	104330878	0.98659	0.0342	0.6926
rs7900450	104456310	1.05475	0.0226	0.01828
rs112286091	104050392	0.99223	0.074	0.9157
rs11191312	104278601	1.08015	0.0225	0.0006132
rs2002916	104432053	0.94469	0.023	0.01333
rs116018728	104166834	0.98423	0.1305	0.9032
chr10_104327865_D	104327865	1.09232	0.0213	3.46E-05
rs7358268	104247589	0.92691	0.0225	0.0007611
rs12773833	104418350	1.05232	0.0227	0.02455
rs12355584	104061219	0.99541	0.0283	0.8703
rs10883756	104400112	0.91631	0.0219	6.50E-05
rs139169130	104408211	0.71591	0.2414	0.1664
rs191686976	104397876	0.93594	0.047	0.1595
rs3936016	104354509	0.99422	0.0722	0.9357
rs12784520	104171054	0.97697	0.0289	0.4198
rs186552424	103979541	1.00632	0.0775	0.9352
rs185570602	104380169	0.90611	0.1242	0.427
rs10883765	104456686	1.08112	0.0375	0.03746
rs180724187	104207502	0.88153	0.164	0.442
rs141021332	104469299	0.87818	0.1919	0.4984
rs1890060	104122842	1.03262	0.0255	0.2086
rs185187022	104197599	0.95313	0.0363	0.1864
rs78060343	104058521	1.0027	0.0785	0.9721
rs151269910	104320788	1.01015	0.0438	0.8167
rs7907090	104385398	0.90538	0.0957	0.2994
rs74557492	104350225	0.94601	0.0252	0.02765
rs147650971	104073613	0.98354	0.1699	0.9223
chr10_104105842_D	104105842	0.98955	0.0318	0.7418
rs77091257	104349723	0.91466	0.1624	0.5828
rs189705382	104397544	0.94639	0.0387	0.1548
chr10_104468642_D	104468642	0.96464	0.0339	0.2882
chr10_104079090_D	104079090	0.9518	0.0651	0.4477
rs184466210	104262056	0.87792	0.0754	0.08428
rs11191372	104462187	0.94658	0.0225	0.01455
rs187407641	104018141	0.96185	0.1574	0.8047
rs190825455	104264763	0.94488	0.1092	0.6036
rs59426691	104238461	0.92515	0.0228	0.0006583
rs1409312	104191800	0.94045	0.0268	0.02204
chr10_104141579_I	104141579	1.03169	0.0283	0.2709
rs6584487	103977824	1.02327	0.0287	0.4226
rs117169851	104263513	0.87084	0.0621	0.02582
rs75059264	104013595	0.99591	0.0624	0.9475
rs7074566	104189804	0.99461	0.0832	0.9483
chr10_104148605_I	104148605	1.00361	0.0225	0.8712
rs1056744	104236687	0.91028	0.0212	9.41E-06
rs7078435	104304766	1.0767	0.0224	0.0009706
rs17114641	104287359	1.06067	0.0379	0.1203
rs10883735	104308446	0.94649	0.0378	0.1459
rs7899004	104341435	1.0933	0.0214	3.11E-05
rs138505789	104078716	0.93669	0.0762	0.3904
rs79931565	104175649	1.01278	0.046	0.7832
rs78909007	104011317	0.99283	0.074	0.9221
chr10_104206822_D	104206822	0.9857	0.0252	0.567
rs55932369	104225223	0.9758	0.0581	0.6736
rs61869601	104276802	1.07875	0.0223	0.0006608
rs3961457	104429639	1.06684	0.0332	0.05142
rs11191335	104317236	0.92747	0.0224	0.0007589
rs147234361	104257369	0.92515	0.1886	0.6799
rs1409310	104282265	1.07659	0.0223	0.0009496
rs149749441	104081789	1.06481	0.196	0.7487
rs74854733	104364223	0.98876	0.0439	0.7964
rs117106761	104190215	1.05422	0.1824	0.7721
rs61871137	104361451	0.9296	0.0732	0.3187
chr10_104442056_D	104442056	0.95399	0.022	0.03194
rs74998680	104365741	0.71562	0.0899	0.0001965
rs73344887	103980241	0.97707	0.0735	0.7521
rs77733074	104135450	1.00723	0.0745	0.9231
rs190521457	104226293	1.15131	0.2333	0.5458
rs10786680	104317192	1.09133	0.0213	4.04E-05
rs74979525	104212629	0.81816	0.1394	0.1499
rs7902537	104042609	0.9978	0.0733	0.9758
rs2286748	104414709	1.04269	0.023	0.06998
rs141967860	104476615	1.07466	0.121	0.552
rs143075750	104306658	1.05169	0.2088	0.8095
rs146350421	104239195	1.20021	0.2299	0.4274
rs7078511	104283874	1.10285	0.0213	4.38E-06
rs35095897	104377759	0.91357	0.0213	2.28E-05
rs7096072	104299976	0.92867	0.0224	0.0009285
rs7067595	104301313	0.88223	0.2522	0.6193
rs4285804	104386309	1.09549	0.0214	1.98E-05
rs11592582	104066239	1.05919	0.0277	0.03787
rs74984643	104284660	1.15142	0.0727	0.05233
rs113433337	104043785	1.41354	0.2997	0.2481
rs11191330	104306160	0.93007	0.0224	0.001186
rs7094325	104429746	1.05548	0.0228	0.01762
rs61873704	104236929	1.07283	0.0223	0.001649
rs7094751	104274818	0.92626	0.0223	0.0005789
rs7088470	104434194	1.04206	0.0633	0.5158
rs147874624	104135583	0.99094	0.0775	0.907
rs9665626	104300638	0.93501	0.0366	0.06655
chr10_104053157_D	104053157	1.01106	0.0218	0.6145
rs149691625	104000837	0.71792	0.1567	0.03447
rs190275519	104282324	1.06887	0.0821	0.4168
rs10786677	104313365	0.93491	0.0236	0.004395
chr10_104192690_I	104192690	0.93314	0.0289	0.01645
rs78837000	104352912	1.12874	0.0864	0.1609
rs7904252	104456725	1.05897	0.0225	0.01107
chr10_104445545_D	104445545	1.0539	0.022	0.0169
rs7094614	104334874	0.9429	0.0378	0.1196
rs12360253	104147498	0.98305	0.0287	0.5508
rs11594073	104308193	0.91622	0.0213	4.19E-05
rs10786685	104323103	0.91567	0.0213	3.65E-05
chr10_104206794_I	104206794	0.96089	0.0788	0.6124
rs117436403	104176471	0.91879	0.0766	0.2688
rs11191365	104430251	0.93417	0.038	0.07295
rs186290743	104090269	1.4103	0.3001	0.2519
rs142792934	104441530	1.17986	0.1952	0.3969
rs1984795	104226830	1.09977	0.0212	7.20E-06
rs7897368	104295155	1.07853	0.0226	0.00084
rs111596223	104025716	0.96185	0.0559	0.4861
rs11593710	104328719	0.94092	0.0242	0.01187
chr10_104431662_D	104431662	1.07079	0.038	0.07167
rs146634750	104398377	1.12558	0.106	0.2645
rs143055158	104213334	1.37699	0.1278	0.01233
chr10_104046628_D	104046628	0.99193	0.0217	0.7107
rs112753219	104085483	0.97961	0.0286	0.4716
rs10748817	103988053	0.9857	0.0211	0.4957
rs6584504	104253507	1.07821	0.0223	0.0007241
rs3740416	104230437	1.07197	0.0343	0.04288
rs17114433	104043015	0.99223	0.074	0.9161
rs1967814	104287048	0.95218	0.0244	0.0449
rs17114808	104391285	0.94167	0.0378	0.1117
rs3977746	104419492	0.95562	0.0236	0.05425
rs72845701	104197327	0.95342	0.0337	0.157
chr10_104384211_I	104384211	0.94111	0.0382	0.1125
rs2489742	104468644	0.95686	0.0336	0.189
rs61871134	104330990	1.07455	0.0434	0.09752
rs7910191	104385622	0.90538	0.0957	0.2989
rs187172604	104347341	1.05475	0.0799	0.5043
rs7083450	103984060	0.97687	0.0287	0.4149
rs80157931	104301732	1.07659	0.0224	0.0009589
rs113136188	104164852	0.93379	0.0574	0.233
rs138796933	104226950	0.92035	0.2635	0.7526
rs11595149	104235978	1.09999	0.0213	7.40E-06
rs12784179	104171053	0.97765	0.0289	0.4336
chr10_104048084_D	104048084	0.99124	0.022	0.6878
rs11599295	103978333	1.0538	0.0279	0.05987
rs61871136	104349697	1.13258	0.0962	0.1956
rs884825	104427616	0.93716	0.0332	0.05036
chr10_104204565_D	104204565	1.09297	0.0273	0.001141
rs10883759	104412049	1.04248	0.0231	0.07121
chr10_104250209_D	104250209	1.07648	0.0223	0.0009671
rs61871067	104295382	0.93221	0.023	0.002294
rs3934495	104361711	0.94431	0.0378	0.1301
rs113398790	104094498	1.01086	0.0742	0.8847
rs7072014	104420078	0.97443	0.0638	0.6844
rs7921010	104192826	0.98748	0.0277	0.6486
rs138324406	104306683	0.91065	0.1145	0.4138
rs186334590	104137213	1.30487	0.1951	0.1725
rs183626887	104397798	0.96233	0.0646	0.5518
rs10883757	104400133	0.93632	0.0379	0.08237
rs7475806	104255813	0.93286	0.0224	0.00189
rs78385669	104060435	1.50757	0.0947	1.46E-05
rs12573474	104393506	1.06088	0.0382	0.1215
rs8354	104436641	0.92349	0.0379	0.03572
rs149049176	104294484	0.91824	0.1269	0.5013
rs2281983	103991381	1.01126	0.0217	0.6068
rs74550252	104232524	1.24197	0.077	0.004912
rs150141424	104234622	0.87739	0.0711	0.06568
rs76019731	104428104	1.11918	0.081	0.1645
chr10_104367987_D	104367987	1.09177	0.0214	3.97E-05
chr10_104079131_I	104079131	0.98738	0.0285	0.6558
rs3977749	104424234	1.21738	0.0773	0.0109
rs116928769	104464436	1.03821	0.0582	0.5195
rs12260465	104432805	0.96928	0.0631	0.6213
rs10883739	104331986	1.09385	0.0214	2.69E-05
chr10_104472573_D	104472573	1.08556	0.0375	0.02868
rs1884929	104275418	0.927	0.0223	0.0006595
rs116912499	104222558	1.01776	0.0819	0.8302
rs7898166	104349962	1.09615	0.0215	2.04E-05
rs3740414	104232809	0.90928	0.0212	7.25E-06
rs190320441	104377818	1.12322	0.0944	0.2184
rs12765459	104465687	1.0519	0.0229	0.02745
rs12781742	104227469	1.1001	0.0212	6.86E-06
rs79299693	104408847	1.22777	0.0773	0.007961
rs10736158	104370023	1.09286	0.0213	3.03E-05
rs3929747	104214267	0.93286	0.0282	0.01373
rs61874853	104015737	0.96967	0.0433	0.4769
rs7077329	104161967	0.99461	0.0221	0.8064
rs772024	104075936	1.00682	0.022	0.757
rs772028	104074155	1.02173	0.0215	0.319
rs11191286	104199573	0.99183	0.026	0.7539
rs2863698	104148615	1.16125	0.0735	0.04182
rs139901931	104270217	1.08426	0.0237	0.0006302
rs12784517	104464970	0.94649	0.0225	0.01452
rs3740418	104158933	1.0011	0.0221	0.9607
rs7907417	104370662	0.91402	0.0213	2.41E-05
rs1538081	104150743	0.96948	0.0239	0.1954
rs190839825	104284642	1.18317	0.1322	0.2034
chr10_104067550_I	104067550	1.13224	0.1513	0.4117
rs11191343	104345225	0.94045	0.0379	0.105
rs67646802	104303748	1.04164	0.0238	0.0866
rs3818470	104263675	1.07573	0.0223	0.001064
rs149534061	104049784	0.91796	0.1659	0.606
rs1536309	104195202	1.02194	0.0224	0.3316
rs10883738	104321721	1.09177	0.0213	3.83E-05
rs10786695	104368756	1.09297	0.0213	3.01E-05
rs2001595	104395085	0.93081	0.0232	0.001978
rs188294992	103981683	0.89422	0.0913	0.2207
rs4917968	104220576	0.95533	0.0305	0.1332
chr10_104374652_D	104374652	1.0956	0.0217	2.66E-05
chr10_104406045_I	104406045	1.04802	0.1555	0.7631
rs4146426	104404335	1.02112	0.0535	0.6956
chr10_104349915_D	104349915	1.22104	0.1889	0.2905
rs9783158	104340704	1.10197	0.022	1.02E-05
rs193050412	104394460	0.93744	0.1645	0.6946
rs141667426	104363392	1.12705	0.119	0.3148
rs118104390	104395982	0.89853	0.0879	0.2233
rs7090276	104281239	0.92886	0.0223	0.00095
rs150098322	104214364	0.8895	0.0366	0.001373
rs77886504	103999779	0.90737	0.0746	0.1924
rs11191377	104472777	0.9996	0.0232	0.9872
rs12776002	104199624	0.91512	0.0289	0.002158
rs4917978	104366353	1.09144	0.0213	4.03E-05
rs116996729	104269859	1.22789	0.2037	0.3136
rs7905481	104476292	0.94374	0.0229	0.0114
rs116913838	104409735	0.86494	0.1046	0.1655
chr10_104428391_D	104428391	1.02829	0.0633	0.6591
rs112968127	104217280	1.12592	0.033	0.0003246
rs112766449	104449013	0.95964	0.0288	0.1523
rs2246775	104057251	1.00884	0.0216	0.6852
rs78531123	104082953	0.98926	0.0457	0.8134
rs10786687	104336994	1.09308	0.0213	3.02E-05
rs2281879	104268877	0.92867	0.0222	0.0008851
rs113345097	104217998	1.13202	0.0335	0.0002117
rs141071436	104310187	1.08632	0.189	0.6615
rs10786674	104285086	0.92867	0.0364	0.04194
chr10_104471974_D	104471974	1.12142	0.0756	0.1297
chr10_104369039_I	104369039	0.91494	0.0213	3.02E-05
rs147448913	104395012	1.11818	0.1798	0.5344
rs117793008	104198528	1.01918	0.0465	0.6822
rs11592574	104117404	0.94743	0.0277	0.05086
chr10_104082924_D	104082924	1.00914	0.0217	0.6737
rs11593589	104228299	1.10484	0.0217	4.50E-06
rs10219057	104280238	1.0767	0.0223	0.0009479
rs10786662	103989812	1.01918	0.0213	0.3733
rs140282377	104215043	1.14534	0.2026	0.5032
chr10_104415093_D	104415093	0.94507	0.0239	0.01784
rs10883725	104235956	0.92765	0.0228	0.0009601
rs117407459	104375002	1.11751	0.102	0.2757
chr10_104156390_I	104156390	1.0004	0.0227	0.9867
rs189707414	104422156	1.19746	0.1374	0.1897
rs59474492	104217411	1.05971	0.0542	0.2846
rs729023	104341887	0.91558	0.0213	3.51E-05
rs143763976	104210456	1.15096	0.177	0.4269
chr10_104020218_D	104020218	1.16883	0.152	0.3047
rs772012	104063367	1.00672	0.0216	0.7569
rs72845696	104187404	0.96387	0.0263	0.1615
rs142962359	104338077	1.04833	0.2965	0.8734
rs150500309	104424272	1.00874	0.1192	0.9419
rs143111455	104029466	0.84223	0.1534	0.2629
rs193256295	104353108	0.87669	0.2467	0.5937
chr10_104348848_I	104348848	0.93754	0.0231	0.005234
chr10_104197363_D	104197363	1.00823	0.0342	0.8106
rs61869211	104449836	1.02306	0.0233	0.3271
rs72845653	104038974	0.92339	0.0548	0.146
chr10_103980731_I	103980731	0.997	0.1333	0.9819
rs7907645	104423800	1.02112	0.0419	0.6171
rs79883458	104361701	0.92709	0.2531	0.765
rs1541048	103997644	1.01035	0.0217	0.6363
rs12769906	104463301	1.0576	0.0225	0.01302
chr10_104423588_D	104423588	0.9631	0.0247	0.1271
rs181042739	104355269	0.93988	0.1679	0.712
rs144814064	104022413	1.04728	0.1428	0.7463
rs7476050	104427083	0.99183	0.0225	0.7145
rs147752262	104095956	1.0018	0.0775	0.9813
rs7914158	104422321	1.01715	0.0221	0.4415
rs945781	104085921	0.99074	0.0285	0.7438
rs189819777	104397346	1.05211	0.0408	0.2132
chr10_104472654_I	104472654	0.99015	0.0683	0.8854
rs10883766	104464763	0.92487	0.0375	0.03726
rs11191300	104247485	1.07885	0.0272	0.005295
rs772008	104067023	1.00924	0.0216	0.6724
rs192554323	104439890	0.71262	0.3448	0.3258
rs117686680	104266832	1.36424	0.1278	0.01509
rs11191359	104401486	1.06876	0.0381	0.08045
rs7094188	104334589	0.94242	0.0378	0.1163
rs3802680	104114886	0.98383	0.025	0.514
chr10_104077658_I	104077658	1.00632	0.022	0.7734
rs7094366	104274730	1.07907	0.0223	0.0006432
rs189258855	104332087	0.87757	0.1856	0.4815
rs2252147	104467774	0.97756	0.0233	0.3281
rs139047984	104006088	0.71677	0.1567	0.03365
rs7913281	104010142	1.01379	0.0285	0.6311
rs2902544	104261359	0.93295	0.0344	0.0436
rs193170831	104147794	1.17515	0.2226	0.4682
rs138779369	104193123	0.96783	0.1162	0.7783
rs4919638	104214878	0.9978	0.0441	0.9606
rs11592299	104225941	1.06823	0.0267	0.01336
rs187524196	104105564	0.81359	0.1149	0.07269
rs75314618	104383973	1.39585	0.0901	0.0002152
rs60154233	104075217	1.02071	0.025	0.413
rs2296581	104242886	0.92839	0.0224	0.0008973
rs41308675	104436519	1.07788	0.0644	0.2442
chr10_104229057_I	104229057	1.10021	0.0212	6.90E-06
rs11574852	104161475	0.90032	0.0609	0.08503
rs11191353	104382673	1.08654	0.0218	0.0001402
rs7086205	104202729	0.91558	0.0284	0.001889
rs11191361	104411958	0.93305	0.0232	0.002843
rs10444022	104084889	1.00854	0.0309	0.7845
chr10_104339792_I	104339792	0.96764	0.0233	0.1573
rs117922495	104385433	0.69663	0.1354	0.007572
rs111763328	104078908	1.0016	0.0739	0.9828
rs7902758	104452556	1.02942	0.0691	0.6749
rs3802681	104114328	1.01086	0.0217	0.618
rs10883753	104372441	0.91521	0.0213	3.19E-05
rs113189494	104010637	1.00985	0.0473	0.8363
rs2025712	104230064	0.90928	0.0212	7.27E-06
rs117132407	104436772	0.92821	0.0636	0.2413
rs4919626	104079818	1.01177	0.0268	0.6611
rs7358266	104247463	1.07347	0.0225	0.001635
rs181228953	104466815	1.0629	0.1376	0.6576
rs12242839	104265797	1.08058	0.0228	0.000688
rs11818043	104391627	1.06311	0.0379	0.1061
rs2145308	104150999	1.0016	0.0221	0.9413
rs4917975	104358407	1.09253	0.0213	3.34E-05
rs2298281	104375405	0.98138	0.0922	0.8383
rs185175145	104423809	0.93183	0.085	0.4062
rs148440547	104168611	1.06343	0.0473	0.1938
rs189728126	104198066	0.96686	0.1745	0.8467
chr10_104050952_I	104050952	0.89003	0.0902	0.1965
rs72845655	104044034	0.95104	0.0984	0.6098
rs185964621	104094618	0.93651	0.2317	0.7771
rs7086474	104446030	0.84645	0.1115	0.1349
rs12570611	104421679	1.05359	0.0228	0.02186
rs4919669	104471975	0.92229	0.0391	0.03833
rs6584505	104254412	0.9257	0.0224	0.000567
rs7072351	104265047	0.92849	0.0223	0.0008715
rs7074343	104283165	0.93109	0.0223	0.001399
rs145903238	104432459	0.88073	0.1096	0.2464
chr10_104215373_I	104215373	0.94592	0.0259	0.03202
rs34269636	104410599	0.93576	0.0236	0.00489
rs12765060	104399349	1.1761	0.1004	0.1063
rs181470752	104332975	0.79916	0.156	0.1507
rs11191265	104102118	0.99035	0.0309	0.7547
rs183571540	104476723	0.82341	0.2803	0.4882
rs4919623	104013092	1.00944	0.0217	0.6636
rs11191309	104270514	1.18495	0.0886	0.05535
rs746551	104342583	0.79628	0.0772	0.003167
rs147843954	104293076	0.96377	0.0924	0.6899
rs76140648	104328895	1.01025	0.0783	0.8963
rs183461127	104397601	0.94195	0.0244	0.0143
rs12415921	104191769	1.06386	0.0268	0.02091
chr10_104418617_D	104418617	0.9396	0.0377	0.09897
rs75483685	104227833	1.05548	0.06	0.3682
rs10786670	104270781	0.92914	0.0347	0.0339
rs72845807	104385132	1.05432	0.0245	0.0307
rs11191299	104247481	0.92737	0.0266	0.004561
rs41293034	104118273	0.91833	0.0753	0.258
rs12240453	104218850	0.91402	0.0614	0.1428
rs11591780	104225316	0.90123	0.0213	1.00E-06
chr10_104349916_D	104349916	0.92247	0.155	0.6025
chr10_103994934_D	103994934	0.99481	0.0221	0.8122
rs7897947	104157711	1.02532	0.0263	0.3417
rs772018	104029803	1.00934	0.0217	0.6669
rs150136542	104136571	1.16801	0.0777	0.0455
rs77389536	104168125	1.01056	0.0276	0.7042
rs34135067	104359297	0.72804	0.1288	0.01376
rs7911722	104468665	0.9992	0.0264	0.976
rs187270473	104179588	1.11695	0.2226	0.6194
rs145658275	104082197	1.0577	0.1078	0.6029
rs12414407	104387019	0.927	0.0223	0.0006613
rs10786691	104364652	0.91494	0.0213	2.96E-05
chr10_104336843_I	104336843	0.92691	0.0227	0.0008316
rs186905435	104256733	1.10451	0.1362	0.4655
chr10_104426236_I	104426236	0.94544	0.0663	0.3972
rs114927933	104090311	0.97181	0.0433	0.5092
rs1572530	104193834	0.9856	0.026	0.578
rs10786684	104323028	0.9153	0.0213	3.27E-05
rs148057789	104373189	1.2385	0.1522	0.1599
rs192268053	104393646	1.24583	0.077	0.004301
rs191533587	104463305	1.00844	0.1685	0.96
rs139513803	104224733	1.22067	0.2736	0.466
rs140605307	104166541	1.10949	0.1694	0.5397
rs7896542	104197450	1.01593	0.0444	0.7221
rs7074444	104249922	1.07972	0.0236	0.00115
rs1628530	104029307	0.96252	0.0322	0.2357
chr10_104192667_I	104192667	0.97015	0.0222	0.1723
rs10128114	104089421	0.98285	0.0251	0.4913
chr10_104415810_D	104415810	0.94327	0.0231	0.01155
rs151060891	104367081	0.72347	0.2149	0.132
rs2274351	104264107	1.10407	0.0212	3.10E-06
chr10_104016265_I	104016265	1.10274	0.0689	0.1559
rs78170991	104196050	1.1023	0.0757	0.1983
rs733283	103996576	0.98946	0.0217	0.6254
rs4323806	104422012	0.92904	0.0232	0.001487
rs188195230	104041298	0.81701	0.1616	0.2112
rs12769316	104152751	1.06056	0.0276	0.03337
rs117027139	104458243	0.95151	0.061	0.4156
rs12763439	104080228	0.94724	0.0277	0.05019
rs71471245	104281423	0.89951	0.0832	0.2031
rs35879747	104348694	1.05707	0.0252	0.02753
chr10_104153002_D	104153002	0.97317	0.0243	0.2643
rs3961455	104421471	1.05601	0.0244	0.02565
chr10_104397936_D	104397936	1.00692	0.0355	0.8463
rs181016730	104280073	1.02398	0.0991	0.8111
rs61874851	103985887	0.93445	0.0609	0.2658
rs12265877	104247247	1.07745	0.0223	0.0008309
rs2031602	104307955	0.92895	0.0224	0.0009884
rs80339617	104407463	1.22789	0.0773	0.007943
rs140335393	104200912	0.94064	0.0608	0.3135
rs147814287	104341845	1.06099	0.2413	0.8062
rs3781290	104244948	0.92682	0.0221	0.0006006
rs11191326	104302959	0.92895	0.0223	0.000962
rs78059814	104070016	0.98886	0.0742	0.8804
rs11191305	104255434	0.9283	0.0223	0.0008367
rs72847723	104239755	1.0979	0.1694	0.5815
chr10_104270248_I	104270248	0.79279	0.1264	0.06611
rs7093928	104010702	1.01623	0.0214	0.4533
rs2485374	104049150	0.99124	0.0216	0.6852
chr10_104417280_I	104417280	0.90014	0.1329	0.4287
rs3977755	104420210	1.04645	0.0236	0.05455
rs3934960	104355275	0.91366	0.0213	2.30E-05
rs185445051	103994245	0.83085	0.1367	0.1751
rs188616137	104147622	1.14993	0.1199	0.2441
chr10_104293679_D	104293679	0.69357	0.3247	0.2598
rs56115161	104079091	0.99045	0.0217	0.6582
rs12360330	104148355	0.99501	0.0313	0.8727
rs11191352	104372244	1.09297	0.0213	2.97E-05
chr10_104235799_I	104235799	1.02235	0.0224	0.3247
rs11597439	104184953	1.00351	0.0222	0.8753
rs11191264	104096732	1.01066	0.0267	0.691
rs4919665	104366042	1.09385	0.0213	2.59E-05
rs141406333	104265041	0.87625	0.1209	0.2746
rs190475348	104046726	1.11986	0.1868	0.5443
rs118108415	104367852	1.28995	0.1677	0.1288
rs4522108	104422046	1.05138	0.0227	0.02726
rs2485378	104059139	1.00844	0.0216	0.6979
rs75950986	104415690	1.02809	0.0798	0.7289
rs79468648	104068047	0.94649	0.0766	0.4727
rs3758547	104261963	1.04833	0.0703	0.5018
rs75450616	104044932	1.08199	0.1483	0.5951
rs56771365	104448939	1.04258	0.0232	0.07219
rs139540800	104053712	1.10263	0.0747	0.1909
rs4523633	103979285	1.46551	0.2293	0.09561
rs10437480	104453024	0.94516	0.0225	0.01211
rs11592718	104192691	1.05919	0.028	0.04001
rs80146619	104405850	0.9429	0.0263	0.02557
rs35035059	104314881	1.04655	0.0245	0.06353
rs7904955	104367092	0.92533	0.0225	0.0005665
rs112466860	104313434	0.96358	0.1374	0.7873
rs74626918	104315668	0.71541	0.0899	0.000194
rs10748818	104015279	1.00763	0.0301	0.8002
rs75805294	104087214	1.07015	0.0741	0.3601
rs11191319	104289503	1.15743	0.0667	0.02833
rs77398669	103986890	1.17916	0.1361	0.226
rs11598473	104056428	1.05844	0.0277	0.04033
rs4919652	104274157	0.92635	0.0346	0.0271
rs7893155	104294228	0.92839	0.0223	0.0008746
rs188173378	104178663	0.80413	0.2712	0.4215
rs144601552	104205011	0.87871	0.2002	0.5186
rs148481315	104205811	1.50848	0.244	0.09209
rs6584513	104334645	0.91411	0.0215	3.00E-05
rs41306870	104229785	1.09977	0.0212	7.19E-06
rs111415964	104150454	1.01076	0.0757	0.8877
rs188681902	104206794	0.94563	0.1333	0.6748
rs72845686	104147866	1.02286	0.0286	0.4297
rs77616533	104055983	1.00955	0.0309	0.7598
rs3977747	104421568	0.95619	0.0236	0.05819
rs4486546	104151404	0.99352	0.0771	0.933
rs188617482	104322564	1.08981	0.1219	0.4808
chr10_104214388_I	104214388	0.95332	0.0235	0.04208
rs112249297	104014813	0.85462	0.2459	0.5229
chr10_104404159_I	104404159	1.0795	0.0557	0.1695
rs772025	104075721	1.00924	0.0217	0.6724
rs78069802	104324906	0.98758	0.0441	0.7778
chr10_104439717_I	104439717	0.90737	0.1266	0.4425
rs11574849	104159696	0.97365	0.0431	0.5361
rs12572775	104285594	0.90692	0.0214	4.75E-06
rs192538530	104397075	0.96551	0.0632	0.5785
rs4919649	104272336	1.07627	0.0345	0.03302
rs72847755	104295443	1.04844	0.0823	0.5659
rs11191270	104124605	0.99025	0.0268	0.7146
rs143628115	104412512	0.78812	0.1572	0.1298
rs12771867	104246691	1.10263	0.0212	4.13E-06
rs772033	104056268	1.01157	0.0218	0.5994
rs191596548	104119606	0.75692	0.1282	0.02981
rs72845660	104071973	1.03076	0.0255	0.2345
rs6584512	104329685	1.09363	0.0213	2.65E-05
rs181854774	104061959	1.31521	0.137	0.04545
rs75808770	104279346	0.99382	0.0442	0.8888
chr10_104299191_D	104299191	0.93454	0.0231	0.003428
rs193191389	104326813	1.23208	0.1087	0.05481
rs11598092	104274329	1.07875	0.0232	0.001095
rs10883767	104468583	1.08459	0.0374	0.02964
rs150865401	104296689	1.16416	0.1195	0.2034
rs729025	104342206	0.94356	0.0378	0.1239
rs12780386	104196866	1.05454	0.0262	0.04246
chr10_104446157_D	104446157	1.05802	0.0516	0.2745
rs2479555	104025383	1.00924	0.0216	0.6709
rs12781718	104227433	1.09977	0.0212	7.21E-06
rs3781291	104166466	0.99213	0.0239	0.7409
chr10_104090443_I	104090443	1.04991	0.0602	0.4184
rs139410113	104232209	1.2487	0.0769	0.003856
rs11597024	104104869	0.96117	0.0321	0.2174
chr10_104195026_I	104195026	0.99332	0.0333	0.8394
rs2863707	104204140	1.00723	0.0335	0.8305
rs191908691	104278256	0.91796	0.1041	0.4109
rs7923183	103992569	0.98906	0.0217	0.613
rs188752055	104446245	1.20214	0.0851	0.03043
rs72845675	104146022	1.11605	0.0635	0.08401
rs4919643	104222377	0.95085	0.0308	0.1017
rs35637354	104221854	0.95504	0.0254	0.06957
rs61869164	104425772	0.95361	0.0719	0.5092
rs61871069	104302127	1.07659	0.0223	0.0009575
chr10_104474046_D	104474046	1.01959	0.0323	0.5484
rs6584503	104223188	1.01319	0.0552	0.812
rs7898410	104245858	1.07799	0.0223	0.0007608
rs772015	104061026	0.98936	0.0217	0.6217
rs3824756	104359350	1.06046	0.0378	0.1202
rs181923593	104403200	1.09911	0.0651	0.1464
rs56238324	104149814	1.0011	0.0221	0.9594
rs12776238	104463840	1.05559	0.0226	0.01661
rs11598184	104246303	1.10561	0.0216	3.46E-06
rs7916262	104015818	1.00864	0.0216	0.6905
rs146952142	104438825	1.03345	0.0806	0.6829
rs117632672	104152045	0.77561	0.1132	0.02478
rs141298180	104107740	0.9982	0.0775	0.9817
rs11591571	104342804	1.06524	0.0228	0.005608
rs190076484	104397299	1.05243	0.0382	0.1803
rs111409433	104037425	1.00944	0.0741	0.8986
rs12241531	104407792	0.95466	0.0513	0.3664
rs7086592	104446057	0.92386	0.0622	0.2027
rs181858826	104223177	0.88807	0.151	0.4317
rs188887151	104350136	0.99471	0.2543	0.9835
rs184753453	104432356	1.13281	0.1257	0.321
rs117878070	104182761	1.03863	0.1164	0.7447
rs61874852	104012285	0.97006	0.0433	0.4823
rs112004166	104444556	0.92432	0.0875	0.3686
rs34377578	104336426	0.94753	0.0253	0.03325
rs118076451	104288776	0.90629	0.095	0.2999
rs11191355	104392497	1.03345	0.0297	0.2686
chr10_104397939_D	104397939	0.92265	0.0231	0.0005023
rs746552	104342501	1.07885	0.0224	0.0006977
chr10_104102704_I	104102704	1.04488	0.1179	0.7093
rs11191245	104012677	0.99124	0.0216	0.6855
rs11191252	104060060	0.9861	0.0286	0.6232
rs7079810	104243883	0.92839	0.0224	0.0008865
rs138019838	104278625	0.99005	0.1506	0.9468
rs56223674	104098164	1.1212	0.0658	0.0819
rs17094517	104021109	1.00995	0.074	0.8939
chr10_104204556_I	104204556	1.03128	0.0249	0.2159
rs183989695	104116304	1.09812	0.1442	0.5162
rs117773210	104253310	0.98147	0.0817	0.8188
rs10786700	104387735	0.93941	0.0378	0.09832
rs10748827	104368336	0.92709	0.0224	0.0007208
rs11191337	104317785	1.05707	0.0378	0.1419
rs182643907	104067439	1.07541	0.1656	0.6605
rs116963179	104429143	1.18069	0.1056	0.1157
rs1326193	104271674	0.92737	0.0223	0.0007277
rs6584500	104205504	1.09647	0.0276	0.0008294
rs7342070	104223628	0.90846	0.0212	6.07E-06
rs10748824	104274466	1.0848	0.0231	0.0004262
rs10883762	104420516	0.95916	0.0236	0.07742
rs772022	104036008	0.99173	0.0216	0.7023
rs1541047	103997645	1.00934	0.0219	0.6707
rs191630797	104468336	1.02532	0.1179	0.8321
rs12260430	104170204	1.02655	0.0264	0.322
rs72847727	104244799	0.82316	0.1315	0.1387
rs117732217	104231203	0.8944	0.1057	0.2911
rs79159857	104296418	1.00733	0.0367	0.8416
rs61875777	104123615	0.85359	0.0775	0.04101
chr10_104400971_D	104400971	0.87127	0.0859	0.1085
rs141090029	104059740	1.39598	0.1567	0.03324
rs113932897	104076039	0.99392	0.074	0.934
rs7475335	104343428	1.06524	0.0228	0.005606
rs181074871	104397492	1.001	0.0313	0.9733
rs12765135	104152433	0.87145	0.0549	0.01221
rs149374039	104092953	0.99183	0.0786	0.9165
rs191554479	104031551	0.93221	0.222	0.7518
rs12772374	104156911	0.94271	0.0276	0.03278
rs4919632	104157727	1.0201	0.076	0.7932
rs11814894	104098949	0.99183	0.0217	0.7053
rs12572855	104374246	0.91594	0.0893	0.3254
rs1057050	104142294	0.98985	0.0457	0.8226
rs17707508	104047836	0.97541	0.0253	0.3252
rs772029	104072327	1.00975	0.0217	0.6534
rs4543913	104131484	1.13667	0.2507	0.6094
rs140708847	104002493	1.28608	0.069	0.000267
rs188221712	104064524	1.02409	0.1142	0.8352
rs188058912	104364755	1.23171	0.2124	0.3265
chr10_104234781_I	104234781	0.92793	0.0228	0.001059
rs2248532	104475547	1.03666	0.1421	0.7998
rs118028082	104226834	1.01664	0.0441	0.7077
rs11593583	104228149	1.09922	0.0212	7.84E-06
rs186101219	104288998	0.92182	0.1436	0.571
chr10_104254393_D	104254393	1.10054	0.056	0.08677
rs10883723	104225832	1.07735	0.0228	0.001113
rs12354486	104124055	1.00924	0.0269	0.7316
rs41293036	104118983	0.99144	0.0776	0.9122
rs945779	104112816	1.01501	0.0716	0.8351
chr10_104468664_D	104468664	0.99035	0.025	0.6986
chr10_104294761_D	104294761	0.95495	0.07	0.5101
