SNP POS OR SE PVAL
rs1536308 104288777 1.06599 0.0178 0.0003247
rs140074117 104388038 0.98926 0.1682 0.9489
rs112560636 104104822 1.00552 0.031 0.8595
rs5011218 104401218 1.04550 0.0294 0.1305
rs11191266 104108414 0.96986 0.0495 0.5363
rs7896841 104294665 0.93810 0.0178 0.0003188
rs12784822 104076091 1.23578 0.1199 0.07741
rs148855837 104194080 0.91201 0.1015 0.364
rs7907760 104345197 0.92849 0.017 1.201e-05
rs78802230 104315215 0.94290 0.2194 0.7887
rs183935341 104346999 0.70525 0.4035 0.3868
rs28408682 104403310 0.94195 0.0188 0.001497
rs74155269 104090918 0.95810 0.452 0.9246
chr10_104288764_I 104288764 0.94318 0.0766 0.4449
rs190772437 104463112 1.29317 0.2236 0.2501
rs188210510 104334974 0.88577 0.2911 0.6769
rs56254970 104219293 0.96831 0.0172 0.06158
rs139176218 104352925 0.92886 0.103 0.4736
rs76897907 104328115 1.10484 0.0612 0.1033
rs141274295 104280812 0.90466 0.169 0.5531
rs4919641 104217503 1.00672 0.034 0.8441
rs772010 104064885 1.01136 0.0172 0.5091
rs3936017 104354424 1.07713 0.017 1.192e-05
rs117345621 104447013 0.91952 0.0697 0.2285
rs193100699 104345590 1.38002 0.1706 0.05901
rs1541049 103997084 0.98817 0.0172 0.4909
rs927821 104207799 0.93109 0.0223 0.001345
rs71471241 104056952 0.94677 0.027 0.04326
rs182620116 104426664 1.09626 0.0666 0.1675
rs117589665 104000008 0.99173 0.0362 0.8178
rs7907503 104440050 1.05940 0.0179 0.001298
rs145750924 104095869 0.84874 0.1408 0.2441
rs11598806 104247236 1.09177 0.0549 0.1095
rs4919650 104273863 0.95037 0.0271 0.06096
rs192646107 104214877 1.10838 0.1777 0.5624
rs7091252 104328859 0.92765 0.017 9.49e-06
rs78145470 104172112 0.99850 0.122 0.9905
rs75053929 104110166 1.24247 0.2005 0.2788
rs12763794 104227661 0.92626 0.0169 5.953e-06
rs61874856 104038766 1.00270 0.0338 0.9373
rs1541046 104005386 1.01187 0.0172 0.4907
rs3781292 104166464 0.98778 0.0192 0.5194
rs72845661 104072456 1.05253 0.0523 0.3274
chr10_104258082_I 104258082 1.04634 0.02 0.02358
rs149099411 104288395 1.03097 0.1011 0.7627
rs10748828 104456794 0.94516 0.0179 0.001612
rs2002917 104431271 0.96223 0.0261 0.1402
rs149754618 104386094 1.21860 0.0966 0.04076
chr10_104423188_I 104423188 0.94734 0.0312 0.08281
rs147857323 104126188 1.14385 0.0857 0.1168
chr10_104319127_D 104319127 1.07659 0.017 1.365e-05
rs7893954 104318966 1.07412 0.0188 0.0001451
rs4919661 104358403 1.07670 0.017 1.318e-05
rs12414479 104420902 0.93876 0.0193 0.001052
rs4917973 104333700 0.92849 0.017 1.23e-05
rs11191313 104278618 0.93407 0.0179 0.00014
rs41287460 104164488 1.00642 0.0337 0.8488
rs10883763 104427825 0.94772 0.03 0.07282
rs3961456 104425304 0.93538 0.0186 0.0003188
rs1056740 104236552 0.93951 0.0178 0.0004514
rs34755137 104326807 1.01491 0.0429 0.7306
rs149476518 104429293 0.85787 0.1726 0.3743
rs4919663 104363293 1.07799 0.0169 9.194e-06
rs12357886 104337945 1.08491 0.0171 2.024e-06
rs149803153 104197626 1.04718 0.1396 0.7414
rs11596235 104391034 1.04227 0.0186 0.02594
rs140977519 104067409 1.01015 0.4272 0.9812
rs772026 104075541 1.01217 0.0172 0.4813
rs117104675 104121131 1.20370 0.0554 0.0008205
chr10_104079075_D 104079075 0.98620 0.0245 0.5693
rs12764219 104398895 1.06844 0.0189 0.0004572
chr10_104217804_I 104217804 0.95925 0.0239 0.0821
rs3808937 104230012 1.05887 0.0209 0.006283
rs9731547 104199090 1.01867 0.0347 0.5938
rs12769882 104422543 0.92284 0.0269 0.002812
rs10883736 104320029 0.92876 0.017 1.303e-05
rs10748823 104274465 1.06844 0.0184 0.0003102
rs76151100 104142783 1.03884 0.059 0.5191
rs76085620 104219908 1.00702 0.0421 0.8683
rs12767131 104268626 0.94753 0.0184 0.003342
rs7072001 104468667 0.95428 0.0339 0.1674
rs7068535 104349127 0.93651 0.0178 0.000224
rs142296200 104246770 0.88012 0.2629 0.6271
rs72845815 104425626 0.96339 0.0286 0.1924
rs7087984 104380686 0.92774 0.017 1.016e-05
rs10883743 104338389 1.07702 0.017 1.209e-05
rs181324564 104424145 0.64895 0.3511 0.2181
chr10_104097615_D 104097615 1.25007 0.1896 0.2389
rs35332469 104217592 0.96957 0.0184 0.09282
rs61873662 104155823 1.17668 0.1015 0.1088
rs1081655 104053595 0.99054 0.0172 0.5813
rs11191288 104201598 0.98639 0.0184 0.457
rs11595170 104339851 0.93100 0.0171 2.827e-05
rs10786701 104412308 0.94933 0.0298 0.08166
rs729024 104341975 1.07681 0.017 1.279e-05
chr10_103981830_D 103981830 1.06972 0.0722 0.3506
rs78020516 104453905 1.10087 0.0907 0.2894
rs7093285 104374815 0.93735 0.0178 0.000281
rs7076748 104150142 0.97083 0.0189 0.1173
rs11191301 104247681 0.93969 0.0178 0.0004685
rs146848699 104066372 1.19125 0.0562 0.001853
rs142303328 104072771 1.01491 0.1071 0.8901
rs2863708 104204290 0.93782 0.0219 0.003385
rs11191242 103983087 0.98364 0.0168 0.3237
rs2296582 104244139 0.93866 0.0178 0.0003741
chr10_104423527_D 104423527 0.94819 0.0458 0.2448
rs11593061 104398288 0.96754 0.0194 0.08774
rs72847751 104282929 1.15165 0.1581 0.3719
rs12779854 104358474 1.07821 0.017 9.036e-06
rs61874857 104051165 0.96783 0.0478 0.4939
rs11191283 104163569 0.99352 0.0177 0.7148
rs812799 104036355 0.98837 0.0172 0.4971
rs183759993 104148496 0.87407 0.0857 0.1164
rs41287458 104163370 0.95935 0.0707 0.5568
rs2251772 104470918 1.03894 0.019 0.04475
rs141844044 104099858 0.94064 0.042 0.1449
rs12778231 104184189 0.94469 0.0218 0.009013
rs4917965 103981106 0.98580 0.18 0.9368
rs34058856 104369323 1.05485 0.0201 0.007751
chr10_104340978_I 104340978 0.92719 0.0172 1.073e-05
rs11191293 104221539 1.02368 0.017 0.1691
rs4604806 104373904 0.92784 0.017 1.015e-05
rs11191321 104293412 0.93829 0.0178 0.0003347
rs7089279 104469427 0.99263 0.0183 0.6864
rs79386852 104105551 1.03800 0.1367 0.7852
rs6584510 104299868 1.06599 0.0178 0.0003246
rs190340190 104351151 0.92182 0.2875 0.7772
rs189114363 104234835 0.90041 0.1444 0.4676
rs117979772 103987560 0.99243 0.4579 0.9868
rs75796566 104119704 0.95686 0.0637 0.4887
rs41293040 104142712 0.92598 0.0766 0.3157
rs72847735 104256208 1.01461 0.0641 0.8205
rs35200058 104002372 1.27328 0.1927 0.2099
rs17114540 104243065 1.17880 0.176 0.3501
rs2485375 104049966 0.98896 0.0172 0.5197
rs75845365 104038763 0.98344 0.0585 0.7756
rs11191294 104225837 1.06577 0.0182 0.000464
rs192094209 104191539 1.01369 0.0817 0.8676
rs150249909 104310765 1.02000 0.1448 0.8912
rs11191304 104255284 0.93876 0.0177 0.0003617
rs4919639 104216859 0.99621 0.0344 0.9123
rs190697053 104219157 0.96242 0.0764 0.6162
rs17780834 104091096 0.99312 0.0362 0.8485
rs74496492 104285824 1.18164 0.073 0.02225
rs77041839 104078587 1.00743 0.0362 0.8384
rs4244351 104008870 1.01126 0.0172 0.5129
rs12569901 104025410 1.01664 0.0247 0.504
rs1043450 104434209 1.06269 0.0187 0.001112
rs183758306 103994939 0.97258 0.038 0.4644
chr10_104204558_D 104204558 0.99154 0.0207 0.6829
rs78418271 104415777 0.90384 0.069 0.1431
rs192275342 104402856 1.20105 0.0934 0.04982
rs72845670 104106200 1.01136 0.017 0.5076
rs141933852 104445963 0.95485 0.1352 0.7326
rs12414033 104460035 0.96204 0.019 0.04215
rs3977756 104398582 1.08220 0.0174 5.852e-06
rs187432878 104017603 1.07638 0.0968 0.4473
rs12782556 104047552 0.94384 0.022 0.008623
chr10_104050897_D 104050897 0.98482 0.0584 0.7937
chr10_104156392_I 104156392 0.99611 0.0182 0.8294
rs11191279 104161221 0.88241 0.068 0.0657
rs2479546 104057794 1.14385 0.0324 3.403e-05
rs61871133 104329162 0.98580 0.0563 0.799
rs77666293 104259101 1.00642 0.0351 0.8545
rs12767100 104338014 0.93960 0.0175 0.0003738
rs181159756 104027553 1.16346 0.1843 0.4112
rs10748826 104354804 1.08037 0.017 5.786e-06
rs11191260 104087229 1.17598 0.2495 0.5159
rs117356225 104431918 1.00622 0.0681 0.9273
rs715438 104258303 0.93904 0.0177 0.0003904
rs181689400 104362435 0.73690 0.1975 0.1223
rs3781293 104166257 1.01542 0.0257 0.5528
chr10_104230930_D 104230930 0.93904 0.0174 0.00031
rs72845693 104161168 0.95619 0.0888 0.6141
rs11191284 104164210 0.96793 0.0202 0.1078
rs184483454 104240013 0.92358 0.1813 0.6611
chr10_104216762_I 104216762 1.02224 0.1016 0.8284
rs4244350 104008751 1.01167 0.0172 0.5
rs183666024 104061891 0.83602 0.0956 0.06085
rs116922992 104144449 1.05117 0.124 0.6871
chr10_104249623_I 104249623 0.93641 0.0179 0.0002397
rs146983609 104237837 1.05866 0.0948 0.5477
chr10_104312086_D 104312086 0.98916 0.032 0.7336
rs147293352 104022627 1.20418 0.1463 0.2041
rs4919666 104384029 0.94857 0.0298 0.07672
rs7081467 104231662 1.08080 0.0169 4.149e-06
rs61873660 104138996 1.00341 0.0338 0.9199
rs140285267 104475632 1.02912 0.105 0.7846
rs10786697 104378563 0.92719 0.017 8.56e-06
rs72845694 104169733 0.99432 0.0177 0.7482
rs144450686 104189701 1.17610 0.229 0.4787
rs7075829 104447431 1.07026 0.0879 0.4402
rs3781295 104140602 0.98946 0.0174 0.5424
chr10_104286836_D 104286836 1.01552 0.058 0.7901
rs117516904 104309482 1.26137 0.117 0.04725
rs148445461 103990477 1.05422 0.1661 0.7506
rs28881790 104151812 1.02573 0.0195 0.1941
rs4146428 104401721 0.94544 0.03 0.06117
rs115039829 104147705 0.99601 0.0337 0.9055
chr10_104241138_I 104241138 0.93969 0.0178 0.0004857
rs150280914 104388117 0.97307 0.0629 0.6642
rs61874833 103979113 0.89065 0.0615 0.05974
chr10_104206836_D 104206836 1.04613 0.0236 0.05547
rs4244354 104426177 0.94819 0.03 0.07615
rs11191296 104238558 0.95724 0.0279 0.117
rs12781714 104087864 1.05739 0.0221 0.01158
rs189346969 104261986 0.90294 0.0814 0.2102
rs10786696 104378134 1.07788 0.017 9.774e-06
rs138724629 104004012 0.97971 0.061 0.7365
rs10883719 103977898 1.02153 0.0229 0.3525
rs10883744 104347247 1.07702 0.017 1.22e-05
rs11598715 104246927 1.11494 0.0579 0.06014
rs772021 104036449 0.98807 0.0172 0.4842
rs17782856 104325984 0.92302 0.0651 0.2185
rs191311252 104091720 0.95935 0.1596 0.795
rs74671162 104133802 1.23664 0.0774 0.006046
rs11591681 104313377 1.03655 0.0188 0.05561
rs7898507 104255106 1.06503 0.0183 0.0005715
chr10_104313527_D 104313527 1.04907 0.0299 0.1093
rs12769291 104462981 0.94497 0.0179 0.001564
rs180957032 104221805 1.02306 0.1134 0.841
rs182934198 104104953 0.84985 0.0854 0.05674
rs2479551 104030201 0.98936 0.0172 0.5351
rs2282295 104174895 0.94403 0.0283 0.04165
rs11191268 104115262 0.96986 0.046 0.5063
rs190323296 104370039 0.58802 0.3639 0.1445
rs187804551 104096874 0.92469 0.1568 0.6173
rs184897221 104064974 1.20358 0.1125 0.09952
rs13287 104240438 1.06449 0.0177 0.0004302
rs117779480 104080583 1.00662 0.0362 0.8559
rs11191368 104449444 0.94904 0.0296 0.07772
rs76686711 104298417 0.90276 0.1987 0.6068
rs113422568 104337938 1.04196 0.0184 0.02565
rs117449769 104295236 1.04123 0.0742 0.5862
rs10748825 104293609 1.06513 0.0178 0.0003767
chr10_104177981_D 104177981 1.00361 0.0647 0.9552
rs10883733 104302203 1.07983 0.019 5.516e-05
rs3808938 103993689 0.98807 0.0172 0.4856
rs80288225 104258083 0.95409 0.0272 0.08441
rs10786667 104219132 0.96802 0.0173 0.0601
chr10_104307926_D 104307926 1.02061 0.09 0.8205
rs146230785 104219281 1.05601 0.1833 0.7663
chr10_104227417_D 104227417 0.92802 0.0169 9.983e-06
rs138763710 104367450 1.17904 0.073 0.02404
rs4917976 104360518 0.92849 0.017 1.216e-05
rs7078679 104284017 0.92192 0.017 1.637e-06
rs56384670 104179219 0.97482 0.0207 0.2186
rs1409311 104282160 0.93800 0.0177 0.0003128
rs142823189 104122106 0.88047 0.0676 0.0595
rs72845640 104006347 1.03045 0.0431 0.4854
rs139997466 104030118 1.19208 0.0562 0.001775
rs2273555 104127171 1.01278 0.0171 0.4564
rs11191295 104231054 0.92533 0.0169 4.271e-06
rs11191267 104112737 1.01339 0.0172 0.4408
rs772014 104062494 1.01106 0.017 0.5191
rs78644554 104037744 1.05506 0.059 0.364
rs11595791 104048496 0.94895 0.0255 0.03989
rs80152299 104190503 0.91211 0.1479 0.5339
rs183760184 104066942 0.74722 0.2903 0.3155
rs58114614 104395409 1.01369 0.0611 0.8235
rs189716586 104164818 1.15662 0.1211 0.2298
rs7086898 104386152 1.05253 0.0298 0.086
rs186502091 104397323 0.98886 0.0338 0.7393
rs11594302 104186829 0.94469 0.0218 0.008994
rs116239977 104272710 1.01227 0.0563 0.8279
rs6584506 104254428 1.06599 0.0177 0.0003076
rs75630054 104430386 0.99770 0.0356 0.948
rs10883729 104273943 1.06620 0.0178 0.0003072
rs186712739 104398379 0.96667 0.1464 0.8171
rs1967815 104287051 0.95409 0.0195 0.01581
rs191717757 104397632 1.03624 0.0313 0.2561
chr10_104155750 104155750 1.35107 0.2743 0.2726
rs112896171 104255586 1.15131 0.0648 0.02964
rs10786669 104256094 1.06535 0.0177 0.0003484
chr10_103997643_D 103997643 0.99223 0.0175 0.656
rs184301192 104447170 1.19125 0.1518 0.249
rs772032 104056466 0.98936 0.0172 0.5328
rs11191342 104344450 0.93800 0.0178 0.000318
rs118159536 104405779 0.94980 0.1163 0.6577
rs183257597 104455016 1.02041 0.192 0.9163
rs185333390 104397518 0.97932 0.0326 0.5229
rs17114803 104386934 1.05127 0.0298 0.09349
rs4919621 103998671 0.98827 0.0172 0.4906
rs72845663 104081349 0.98718 0.0172 0.4525
rs4264100 104454113 0.94441 0.0179 0.001382
rs772030 104023871 0.98955 0.017 0.5393
rs146754938 104429025 1.17692 0.0765 0.03328
rs78221767 104004653 0.99402 0.0362 0.8681
rs7916092 104425471 0.94280 0.0181 0.001134
rs182865698 104051686 0.69385 0.2847 0.1991
rs4919624 104021085 1.01045 0.0213 0.6263
chr10_104043845_I 104043845 1.02296 0.0198 0.2512
rs36103207 103988265 0.98098 0.0429 0.6548
chr10_104241136_I 104241136 0.94214 0.0182 0.001092
rs111604275 104266259 1.05359 0.0381 0.1705
rs77630251 104338370 1.04865 0.0299 0.1123
chr10_104074075_I 104074075 1.39948 0.3163 0.288
rs10786704 104475010 0.99233 0.0185 0.678
rs11191320 104293394 1.06599 0.0178 0.0003228
rs41287468 104392632 1.00914 0.1402 0.9482
rs74861159 104379588 1.03490 0.0439 0.4346
rs7076749 104469728 0.99084 0.0183 0.6126
rs55920875 104251242 0.94743 0.0183 0.003219
rs12761195 104465374 0.94507 0.0179 0.001589
rs9665587 104192567 0.97249 0.0208 0.1798
rs181722822 104435188 1.05201 0.2286 0.8246
rs10883740 104334822 1.04970 0.03 0.1058
rs2001389 104375258 0.92774 0.017 9.641e-06
rs183590017 104230745 1.17175 0.3012 0.5987
chr10_104226408_I 104226408 0.94007 0.0179 0.0005526
rs10786666 104163834 1.00874 0.0183 0.632
rs772031 104021541 1.00501 0.0226 0.8235
rs7341995 104223831 1.08058 0.0169 4.419e-06
rs3977748 104422348 1.03015 0.0188 0.114
rs145702817 104067646 1.20346 0.1176 0.1152
rs74153594 104386552 0.46140 0.322 0.01628
rs112731942 104446927 1.06460 0.0516 0.2247
rs1752720 104025952 1.06311 0.0664 0.3573
rs187121710 104467732 1.06727 0.2313 0.7784
rs61869602 104278306 0.93156 0.0199 0.0003628
chr10_104081113_D 104081113 1.01116 0.0313 0.7244
rs140854610 104374122 1.00924 0.0592 0.8759
rs141094828 104170591 1.02429 0.1306 0.8539
rs57066328 104367582 1.05506 0.0723 0.4588
rs186136488 104385596 1.15998 0.0937 0.1132
rs11191325 104302933 0.93847 0.0178 0.0003549
rs79356410 104107191 1.00491 0.0361 0.8915
chr10_104215075_D 104215075 0.92017 0.028 0.00299
rs61873665 104189852 1.01481 0.0353 0.6757
rs17782574 104279394 0.93810 0.0178 0.0003213
chr10_103994935_D 103994935 0.99551 0.0177 0.7973
rs183092915 104430821 1.16230 0.0869 0.08335
rs3740606 104445368 0.99154 0.0183 0.6436
rs1854291 103992122 0.98778 0.0172 0.4764
rs187271634 104397624 1.07347 0.0187 0.0001464
rs76963132 104278055 0.89763 0.0617 0.07996
rs117523800 104344522 1.08318 0.0838 0.3407
rs188806528 104453856 1.11204 0.1869 0.57
rs12220810 104305119 0.95190 0.0299 0.09955
rs111352561 104296046 1.07691 0.0274 0.006869
rs140060820 104083845 0.81742 0.1513 0.1827
rs11597939 104009503 0.98039 0.0207 0.3386
rs12775836 104471151 1.05919 0.0794 0.4692
rs191373988 104275993 0.96127 0.0719 0.5826
rs7075269 104365724 0.92774 0.0169 9.657e-06
rs12763720 104241983 0.95180 0.02 0.01327
rs187362907 104211354 0.91613 0.1085 0.4193
rs7913991 103997523 1.00531 0.0336 0.8744
rs17783771 104410736 0.93716 0.0185 0.0004546
rs112009583 104001402 1.00552 0.0579 0.9245
rs190474128 104041707 1.04959 0.0519 0.3512
rs148337160 104166504 1.00080 0.0364 0.9818
rs4331020 104102331 0.98768 0.0172 0.4714
rs112808377 104393202 0.95916 0.1116 0.7084
rs3862030 104327584 1.07713 0.017 1.183e-05
rs11191303 104255158 1.06035 0.0186 0.001662
rs74558061 104384337 1.05654 0.03 0.06642
rs2296584 104244323 0.93641 0.0182 0.0003072
rs4919647 104250754 1.05665 0.0272 0.04246
rs772027 104074322 0.98837 0.0172 0.4963
rs1056890 104162770 0.99372 0.0177 0.7209
chr10_104009854_D 104009854 0.98916 0.0192 0.5711
rs17707795 104067233 1.03479 0.0613 0.5766
rs74625455 104424619 1.07487 0.0712 0.3107
rs35000717 104100733 1.05792 0.0271 0.03783
rs144895617 104095648 1.06663 0.114 0.5719
rs139379671 104370027 1.03697 0.0595 0.5421
rs12415043 104467609 0.94895 0.0295 0.07516
rs7096302 104387956 0.85155 0.248 0.517
rs117318434 104338489 0.90195 0.0611 0.09121
chr10_104111349_D 104111349 0.90819 0.0445 0.03037
rs12570859 104257226 1.08405 0.0169 1.697e-06
rs11191362 104419235 1.02953 0.0187 0.1187
rs1571003 104214048 1.03448 0.0223 0.1287
rs117928257 104075425 0.91558 0.0909 0.3321
chr10_104246462_I 104246462 0.99850 0.0496 0.9757
rs74153155 104216592 0.93782 0.0209 0.002121
rs4919637 104208761 1.07778 0.0228 0.001041
rs78678650 104190524 1.01217 0.061 0.8432
rs7087665 104282418 1.06407 0.0178 0.0004773
rs181476741 104104429 1.00321 0.0606 0.9579
rs7898499 104011953 1.01704 0.0584 0.7722
rs192582788 104302270 0.79033 0.1219 0.05362
rs3781571 104442457 0.99273 0.0183 0.6882
rs2015583 104226983 0.92645 0.0169 6.172e-06
rs181971745 103992393 0.89691 0.1479 0.4618
chr10_104317808_I 104317808 1.04415 0.02 0.03066
rs117926251 104307959 1.04102 0.0744 0.5885
rs144625846 104078044 1.01908 0.026 0.4683
rs2479552 104028507 0.98866 0.0173 0.5084
rs4917979 104388710 1.03749 0.0285 0.1968
rs3977743 104414183 1.03252 0.0185 0.0829
rs185410075 104321133 0.96841 0.1012 0.7512
chr10_104301162_D 104301162 0.95801 0.0395 0.2776
rs113676575 104081381 0.96996 0.0371 0.4109
rs182764670 104307383 1.05001 0.1151 0.6711
chr10_104229373_I 104229373 1.05887 0.0209 0.006279
rs147560808 104054378 1.02071 0.061 0.7366
rs150668797 104075094 0.93904 0.114 0.581
rs139199315 104219473 1.05485 0.1829 0.7705
rs10786679 104315667 0.95218 0.0193 0.01098
rs74501283 104013955 0.99432 0.0362 0.8748
rs3802678 104115395 1.02071 0.0203 0.3131
rs181663217 104148969 1.00290 0.1285 0.9819
rs2281880 104269217 1.08405 0.0169 1.689e-06
rs192735598 104061218 1.03956 0.0496 0.4338
rs11191274 104140350 0.98876 0.0252 0.6542
rs11597058 104201995 0.94791 0.0209 0.01041
rs10883761 104420018 1.05369 0.0298 0.07955
rs7098495 104105399 0.93829 0.1395 0.6482
rs2296589 104248106 0.93979 0.0178 0.0004665
rs189163520 104255153 0.86866 0.0991 0.1552
chr10_104365489_D 104365489 0.92672 0.0169 7.193e-06
rs117895000 104267489 1.17046 0.0975 0.1066
chr10_104329988_D 104329988 1.07983 0.0727 0.2907
rs150822243 104213830 1.23763 0.3614 0.5552
rs1977720 104109106 1.01939 0.0198 0.3322
rs61871158 104383218 0.85959 0.0977 0.1215
rs186037213 104236234 1.00040 0.062 0.9951
rs145630142 104331425 0.88568 0.1323 0.3588
chr10_104339788_I 104339788 0.99193 0.0257 0.7518
rs188457393 104393645 0.90068 0.0613 0.08783
rs7904396 104456838 1.05823 0.0179 0.001559
chr10_104284085_D 104284085 1.00260 0.2337 0.9911
rs117714998 104440062 1.10594 0.0789 0.202
rs12782153 104368294 0.92645 0.0169 6.592e-06
rs75857566 104019489 1.06823 0.0681 0.3323
rs148990403 104225814 1.12784 0.0685 0.0791
rs7092622 104249919 1.06503 0.0187 0.000767
rs12762934 104359884 1.04123 0.0183 0.02691
rs45597333 104235972 0.95218 0.0269 0.06898
rs7080055 104008280 0.98807 0.0172 0.4848
rs56940532 104206808 0.97990 0.0399 0.6105
rs140312320 103992418 1.00874 0.0362 0.8098
rs183859328 104341315 1.08318 0.0838 0.3406
chr10_104302202_I 104302202 1.04655 0.0214 0.0332
rs35485301 104370827 1.05485 0.0201 0.007829
rs143021398 104196562 1.17304 0.3698 0.666
rs4919622 104012941 0.98936 0.0172 0.5348
rs2031601 104308064 1.06428 0.0178 0.0004568
rs147505240 104081350 0.93426 0.136 0.6169
rs12767683 104316581 1.04456 0.0183 0.01742
rs6421339 104452319 1.08611 0.0457 0.07053
rs140702899 104452818 0.89217 0.0922 0.2159
rs10786678 104313395 0.93501 0.0179 0.0001718
rs11191257 104081357 0.87941 0.0674 0.05676
rs186492821 104346360 0.88994 0.1074 0.278
rs75679796 104281962 1.03066 0.0454 0.5066
rs3758552 103992964 0.98787 0.0172 0.4769
rs143738393 104351367 1.10882 0.0611 0.09103
rs7920274 104166356 0.89862 0.1019 0.2938
rs4919640 104217415 0.96870 0.0231 0.1674
rs11191375 104464657 1.05222 0.0296 0.085
rs12411442 104349531 1.07745 0.017 1.093e-05
rs140247130 103984610 1.00803 0.1779 0.964
rs11191376 104468717 0.88276 0.2414 0.6055
rs139083944 104117678 0.94573 0.0618 0.3665
rs79868665 104036715 0.98344 0.0585 0.7755
rs12762305 104227623 1.08220 0.0169 3.072e-06
chr10_104154325_D 104154325 1.02798 0.019 0.1463
chr10_104315977_D 104315977 1.05001 0.0298 0.1015
rs139310175 104204626 1.27839 0.1357 0.07033
chr10_104190403_I 104190403 0.94895 0.0213 0.01408
rs111522958 104181006 1.00662 0.0605 0.9135
rs72845666 104088300 1.02922 0.043 0.5033
rs7917402 104246690 0.93932 0.0177 0.0004202
rs2296585 104245549 0.93932 0.0178 0.0004308
rs10883737 104320898 1.04949 0.0298 0.1055
rs11594914 104060756 0.98147 0.0203 0.3578
rs12241712 104408272 1.05454 0.0186 0.004247
rs191944831 104248337 1.12389 0.1632 0.4742
rs3977736 104447629 1.01248 0.0206 0.5476
rs11191347 104351617 0.93735 0.0178 0.0002764
rs12765818 104260119 1.05127 0.0202 0.01334
rs17780667 104076231 0.98344 0.0203 0.4099
rs41287462 104184213 0.97297 0.0207 0.1863
rs117098522 104252577 0.95810 0.0467 0.3595
rs10444069 104346166 1.07799 0.0171 1.129e-05
rs10883724 104235855 0.89306 0.1875 0.5463
rs11191364 104423549 0.91147 0.0585 0.1134
rs7090034 104281155 1.06524 0.0177 0.0003713
rs2281878 104210735 0.98138 0.0229 0.4104
rs181486557 104409912 0.54920 0.6114 0.327
rs1796765 104060529 0.98916 0.0172 0.5245
rs188031561 104318708 0.89996 0.1715 0.5388
rs12256861 104042114 0.85248 0.2516 0.5258
rs12569526 104237007 0.92487 0.0169 3.712e-06
rs2296586 104245575 0.93904 0.0178 0.0003998
rs3977758 104131751 0.98305 0.0199 0.3888
rs181511858 104448941 0.90502 0.1682 0.5529
rs4917970 104253735 0.93267 0.1235 0.5724
rs12779853 104083908 0.94705 0.022 0.0136
rs7893687 104457603 0.99233 0.0183 0.6744
rs11595402 104194153 1.02051 0.0215 0.3447
rs117899099 104330187 0.94120 0.0667 0.3636
rs192501213 104439399 0.97239 0.2944 0.9243
rs187546163 104024312 1.22618 0.139 0.1424
rs118170562 104237927 1.04071 0.1288 0.7568
rs4408249 104374653 0.92570 0.0175 9.769e-06
rs117715797 104152566 0.87162 0.0848 0.105
chr10_104400594_I 104400594 1.03324 0.0195 0.09342
rs112809254 104140355 1.02716 0.06 0.6551
rs112291536 104199214 1.01440 0.061 0.8145
rs144553084 104100109 0.98403 0.0586 0.783
rs7914389 104295402 1.06311 0.0178 0.0005768
chr10_104170524_D 104170524 1.00985 0.0607 0.8713
rs3850699 104414221 0.94639 0.0184 0.002799
rs11191373 104463676 0.95542 0.0175 0.008946
rs150653416 104393180 1.00975 0.3222 0.976
rs112972631 104358178 1.05138 0.0198 0.01142
rs141318718 104407775 1.24670 0.1156 0.05646
rs111239920 104326582 1.06386 0.1096 0.5726
rs4526717 104316327 0.93651 0.0178 0.0002279
rs12573077 104434630 1.06056 0.0182 0.001219
rs2479550 104034634 1.00300 0.0291 0.9169
chr10_104323538_D 104323538 1.20418 0.1126 0.09891
chr10_104331594_D 104331594 0.77655 0.219 0.248
rs4606423 104427253 1.01532 0.0176 0.3902
rs187822471 104079029 0.35951 0.4898 0.03674
rs112537748 104436608 1.06099 0.1814 0.7441
rs10786665 104117009 1.01359 0.0172 0.431
rs117016725 104049281 1.02357 0.0462 0.6137
rs181749913 104397322 1.02685 0.0222 0.2331
rs56071457 104476293 1.09735 0.0689 0.1774
rs188346889 104158628 0.84874 0.1207 0.1741
rs772016 104031289 1.01319 0.0174 0.4537
rs190331701 104328889 1.12648 0.1633 0.4659
rs11191358 104399250 1.08188 0.0174 6.382e-06
rs2993089 104078760 0.98797 0.0172 0.4826
rs180786252 104465998 1.03717 0.1665 0.8265
rs11191371 104459897 1.05834 0.0179 0.00153
rs11594344 104011330 0.84485 0.0562 0.002679
rs11191251 104038543 0.87722 0.0675 0.05219
rs17114810 104391545 0.94885 0.0298 0.0782
rs117487334 104022606 1.06897 0.0419 0.1113
rs10786681 104317357 0.92849 0.017 1.196e-05
rs80282642 104124737 1.02644 0.06 0.6636
rs10883742 104337462 0.87564 0.0836 0.1119
rs11574845 104156383 0.89871 0.182 0.5572
chr10_104319131_D 104319131 1.07584 0.019 0.0001206
rs7915589 104299264 0.93885 0.0178 0.0003787
chr10_104209407_I 104209407 0.92765 0.0234 0.001322
rs2489743 104468434 0.97035 0.0185 0.104
rs7908249 104373300 1.07788 0.0169 9.587e-06
rs61869169 104434250 1.00411 0.0554 0.941
rs148658224 104451328 0.94384 0.0585 0.3233
rs185380615 104234606 0.97541 0.0964 0.7965
rs17114427 104022300 1.06897 0.0419 0.1112
rs79914695 104320448 0.84730 0.1103 0.1331
rs3758553 103992599 1.01217 0.0172 0.4807
rs7898716 104255098 0.93838 0.0183 0.0005227
chr10_104078232_I 104078232 0.98896 0.0175 0.5249
rs117971933 104312216 0.85070 0.1018 0.1123
rs2296583 104244322 1.06801 0.0182 0.0003008
rs184116965 104020220 0.87792 0.1373 0.3429
rs80171687 104471012 1.00230 0.0356 0.9491
rs2296579 104241375 1.06449 0.0177 0.0004302
rs149637602 104147365 0.98452 0.0248 0.5304
rs12766112 104260388 1.08318 0.0169 2.171e-06
rs192048715 104094957 0.76430 0.1569 0.08668
rs10883720 104010971 0.97707 0.0226 0.3031
rs3740409 104236645 0.95009 0.027 0.0577
rs11594179 104392580 1.04949 0.0202 0.01678
rs111838584 104338996 0.96271 0.0734 0.6046
rs12412685 104468635 0.98946 0.0567 0.8518
rs10786673 104280537 0.93876 0.0177 0.000372
rs913025 104276043 0.93754 0.0178 0.0002936
rs4919656 104282861 0.95085 0.027 0.06178
rs12773600 104418228 0.93735 0.0184 0.0004492
rs138763107 104186710 1.36684 0.3662 0.3935
rs12357172 104388549 0.93772 0.0184 0.0004826
rs4919627 104081389 0.97804 0.0225 0.3251
rs5870 104239100 0.92386 0.0169 2.754e-06
rs185556097 104397293 0.99491 0.0311 0.87
rs12570201 104222963 0.92774 0.0169 9.647e-06
rs191173125 104399113 1.14065 0.0927 0.1557
rs144997108 104124195 0.98030 0.0462 0.666
rs78549129 104376946 0.93819 0.0745 0.3921
chr10_104400364_D 104400364 1.06940 0.0178 0.0001635
rs7899576 104307504 0.93894 0.0178 0.0003995
rs56219824 104302337 0.93847 0.0178 0.000348
rs9664049 104000307 1.01177 0.0172 0.4959
rs7093028 104259417 1.06481 0.0177 0.0003924
rs41287457 104161724 0.99442 0.0337 0.869
rs9665632 104300640 0.93876 0.0179 0.0004038
rs61873698 104207431 0.96532 0.0407 0.3859
rs7096297 104466648 1.06801 0.0532 0.2159
rs146968839 104381062 0.82234 0.3464 0.5723
rs3740406 104272789 0.93800 0.0177 0.0002984
rs41297161 104387103 0.88188 0.0527 0.01702
rs12779689 104043516 1.05760 0.0221 0.01127
rs17114534 104221529 1.04645 0.0244 0.06254
rs113451617 104266239 1.05317 0.02 0.009702
rs7081110 104231651 0.92533 0.0169 4.313e-06
rs185363417 104458554 1.02286 0.1802 0.9003
rs4919664 104363408 1.07799 0.0169 9.22e-06
rs61874855 104037333 0.99780 0.0338 0.9484
rs10786689 104356359 1.07670 0.017 1.323e-05
rs2296887 104005410 1.01816 0.0241 0.4539
rs142145337 104390654 1.24970 0.1038 0.03179
rs11191291 104213502 0.93707 0.0215 0.002468
rs2485371 104034087 1.01116 0.0172 0.5176
rs17709610 104250278 0.94686 0.0183 0.002883
rs61869210 104437175 1.03087 0.0186 0.1017
rs191944003 104296537 0.85959 0.0844 0.07302
rs3781289 104244991 0.93866 0.0178 0.0003626
rs7912339 104373758 0.92756 0.0169 9.069e-06
rs78657278 104296419 0.97356 0.029 0.355
rs28416282 104148618 1.05908 0.0231 0.01321
rs79247559 104215003 0.96435 0.0784 0.6435
rs190540429 104303492 0.98305 0.1445 0.906
rs11191328 104305185 0.93932 0.0178 0.0004271
rs144487702 104200175 0.88267 0.0649 0.05437
rs113786772 104124371 1.02337 0.0588 0.6945
rs12780827 104467954 0.94403 0.0179 0.001287
rs139129521 104357396 1.16941 0.1083 0.1484
rs10883731 104293127 0.94990 0.0299 0.0855
rs186913580 104278758 0.95476 0.2128 0.8277
rs117929568 104088097 1.01430 0.0453 0.7537
rs3758549 104004195 1.04582 0.0214 0.03686
rs7075281 104220301 1.05866 0.0181 0.001607
chr10_104214079_D 104214079 0.83862 0.121 0.1457
rs75779120 104167034 1.02480 0.0371 0.5094
rs76302201 104181366 1.00733 0.0337 0.8276
rs180946644 104201784 1.13951 0.0991 0.1879
rs10786663 104064548 1.01990 0.0198 0.3184
rs112901907 104095811 1.00010 0.0227 0.9962
rs78958848 104105725 1.10098 0.0445 0.03046
chr10_104336088_I 104336088 1.17457 0.1367 0.2392
rs1133932 104215975 0.94980 0.0319 0.1068
rs2252005 104469547 0.81424 0.112 0.06655
rs4919644 104229588 0.95151 0.0269 0.06513
rs139805226 104457076 1.03149 0.0936 0.7404
rs182159450 104255143 1.02409 0.0932 0.7984
chr10_104204566_I 104204566 0.99154 0.0209 0.6856
rs183293566 104203964 1.07380 0.1083 0.5113
rs11191323 104301926 0.94914 0.03 0.0814
rs142703099 104433000 0.97385 0.0602 0.6599
rs11598815 104330077 1.07950 0.017 6.533e-06
rs185671452 104097718 1.33336 0.1815 0.113
chr10_104278261_D 104278261 0.92784 0.0193 0.0001028
chr10_104258069_I 104258069 0.95123 0.0199 0.012
rs4556473 104454700 1.04865 0.0173 0.006126
rs11574853 104161796 1.00391 0.0604 0.9481
rs1572531 104193733 1.05887 0.0214 0.007398
rs12774693 104270005 1.05264 0.0271 0.05859
rs187575115 104383761 1.11004 0.1345 0.4378
rs10786671 104271303 0.93819 0.0177 0.0003124
rs144087626 104151297 0.95810 0.0642 0.505
rs189006346 104408424 0.54854 0.612 0.3265
rs11191275 104142800 0.98423 0.0248 0.5216
rs12261409 104428314 1.01157 0.0486 0.8134
rs181937854 104444481 0.79876 0.1333 0.09199
rs2296587 104245588 0.93679 0.0183 0.000369
rs61873703 104234282 1.02214 0.0557 0.6938
rs56164723 104100813 1.06695 0.0592 0.2738
rs11191327 104303883 1.06492 0.0178 0.0003976
rs11191317 104280124 0.91074 0.052 0.07229
rs11191374 104463894 1.02398 0.1307 0.8562
rs4919667 104426011 0.93576 0.0186 0.0003454
rs76003724 104428605 1.04352 0.1622 0.7928
rs3758551 104002409 0.99213 0.0172 0.6481
rs12262998 104428716 1.06354 0.0182 0.0006876
chr10_104142012 104142012 1.38237 0.197 0.1002
rs10786664 104090312 1.20949 0.1346 0.1578
rs10786683 104320476 0.92839 0.017 1.187e-05
rs7894593 104194081 1.01949 0.0347 0.5783
rs12784963 104336986 1.07767 0.017 1.05e-05
chr10_104097052_I 104097052 0.91530 0.147 0.5474
rs11191356 104393489 1.05096 0.0296 0.09255
rs12572826 104132535 1.02357 0.0226 0.3018
rs7922780 104401203 1.08112 0.0176 8.849e-06
rs1056857 104240003 0.93829 0.0178 0.0003529
rs7069356 104254359 0.93847 0.0177 0.0003385
chr10_103987346 103987346 1.33229 0.1856 0.1222
rs3740417 104211058 1.07401 0.0374 0.05624
rs7358269 104247538 0.93969 0.0178 0.0004691
rs36226954 104155345 1.09297 0.0478 0.06278
rs9988738 104296213 0.93782 0.0178 0.0003161
rs7923415 104418656 1.00632 0.0174 0.716
rs75079151 103982278 1.02122 0.0633 0.7403
rs117283737 104325942 1.00914 0.0622 0.8832
rs11191349 104364542 1.10142 0.0686 0.1594
rs2296590 104262628 0.93932 0.0177 0.0004078
rs2485376 104050006 0.98936 0.0172 0.5347
rs188160810 104397847 1.00924 0.0247 0.7105
rs34309160 104034550 1.03303 0.0354 0.3585
rs77114650 104372022 0.97317 0.059 0.6441
rs772019 104029792 1.00924 0.0172 0.5925
rs114354062 104463628 0.91110 0.266 0.7264
rs116093870 103984390 0.99223 0.0362 0.8284
rs11593971 104234090 0.92654 0.0169 6.105e-06
rs187323213 104468663 0.99720 0.047 0.9528
rs1410416 103987875 1.01521 0.0168 0.3671
rs10128212 104089415 1.01420 0.0199 0.4795
rs715440 104258095 0.92552 0.0177 1.254e-05
rs6584507 104254623 0.93876 0.0177 0.0003537
rs10736156 104019447 0.99700 0.0227 0.8934
chr10_104143866_D 104143866 1.05813 0.0521 0.2788
rs7096601 104432024 0.98738 0.0487 0.7943
rs7902317 104266230 1.08405 0.0169 1.752e-06
rs189340809 104011480 0.87792 0.425 0.7594
rs55970842 104171094 0.99203 0.0221 0.7174
rs11191318 104288252 1.12975 0.0527 0.0205
rs61691222 104420754 1.02255 0.02 0.2636
rs12772375 104082688 0.97482 0.0174 0.1421
rs10883732 104293461 0.93885 0.0178 0.0003778
rs2296588 104248087 1.06407 0.0178 0.0004686
rs188640072 103997926 0.97550 0.0832 0.7653
chr10_104191771_I 104191771 1.09079 0.2602 0.7383
rs4146429 104401632 1.05844 0.03 0.05849
chr10_104102144_D 104102144 0.92192 0.1008 0.4195
rs188350236 104049539 0.88825 0.1528 0.4383
chr10_104268858_D 104268858 1.05306 0.0272 0.05734
chr10_104163832_I 104163832 1.02665 0.03 0.3791
rs7917525 104246755 1.06375 0.0178 0.0004991
rs1056738 104236481 0.94252 0.0178 0.0008634
rs11593526 104228017 1.08091 0.0169 4.014e-06
rs41371753 104162365 0.99134 0.0617 0.8882
chr10_104435594_I 104435594 1.03479 0.0665 0.6068
rs12770498 104304667 1.05485 0.0184 0.003643
rs12573502 104223031 0.97103 0.0574 0.6088
rs6584508 104258567 1.06503 0.0177 0.0003742
rs715439 104257809 1.06513 0.0177 0.0003642
rs79305676 104443875 0.99571 0.041 0.9155
rs1005044 104152143 0.99243 0.0177 0.668
chr10_104089690_I 104089690 1.05232 0.1538 0.7402
rs11599868 104201381 0.94876 0.0209 0.01178
rs6584499 104188259 1.00854 0.0178 0.6348
rs11591372 104064102 1.05739 0.0221 0.01162
rs2298278 104390303 1.05580 0.0298 0.06863
rs11191253 104066507 1.01501 0.0247 0.5473
rs77516398 104216605 0.93857 0.0209 0.002429
rs190396878 104208929 1.09396 0.1104 0.4161
rs189082906 104213493 0.86710 0.1759 0.4175
rs12764388 104413385 1.07961 0.0273 0.005068
rs74908306 104233229 0.95161 0.0633 0.4331
chr10_104111540_I 104111540 1.00070 0.0227 0.9771
rs7917158 104246471 0.93969 0.0178 0.0004563
rs10883721 104137751 0.96503 0.0358 0.3204
rs3808934 104264280 0.93941 0.0177 0.0004106
rs3862031 104412742 1.06748 0.0185 0.0004199
rs2479548 104057688 0.98876 0.0172 0.5121
rs138300192 104440353 0.92635 0.1818 0.6739
rs2479547 104057787 1.10760 0.0436 0.01919
rs7094906 104217441 1.06983 0.0213 0.001523
rs34349481 104444615 1.05570 0.0183 0.003001
rs1409313 104191601 1.05940 0.0214 0.00688
rs1977382 104249839 0.96137 0.0191 0.03953
rs796427 104066117 0.98857 0.0172 0.5044
rs140374940 104177610 1.00441 0.0593 0.9414
rs150345569 104077105 0.92821 0.1144 0.5147
rs2296578 104240974 1.06449 0.0177 0.0004294
rs150344656 104201323 0.90384 0.0631 0.1089
rs45516493 104378363 0.95954 0.0275 0.1321
rs188189333 103984607 0.93277 0.0953 0.4657
rs11598884 104234588 0.94781 0.0184 0.003648
rs11191369 104457456 0.95552 0.0173 0.008693
rs12762311 104151850 1.07037 0.0298 0.02269
rs4917977 104363119 0.92756 0.0169 8.954e-06
rs150990327 104136212 0.89387 0.0965 0.245
rs10786698 104378750 0.92765 0.017 9.755e-06
rs7070591 104277123 0.94696 0.0184 0.003032
rs12162 104240498 1.06428 0.0178 0.0004504
rs11574851 104160959 1.07122 0.0397 0.08293
rs74606364 104198111 0.98679 0.0373 0.7216
rs7912901 104277440 1.06588 0.0177 0.0003137
rs76633616 104118634 0.99392 0.0361 0.8652
rs61873733 104251458 0.93960 0.0177 0.0004515
rs12771352 104074340 1.04991 0.0256 0.05674
rs772023 104076025 0.98926 0.0172 0.5304
rs7910399 103997077 0.99820 0.0338 0.9574
rs2031604 104297791 0.94686 0.0299 0.06807
rs7072723 104349483 0.92654 0.0173 9.857e-06
rs189561771 104452526 0.93838 0.1293 0.6228
rs138223683 104005122 1.06908 0.0693 0.335
rs11598186 104246318 1.05675 0.0183 0.002607
rs7902306 104290462 0.95514 0.0185 0.0133
rs184873621 104011460 1.13383 0.2583 0.627
rs77060053 104217753 0.93062 0.0252 0.004273
rs7077678 104438565 0.95504 0.0174 0.008015
rs146213793 104456153 1.07304 0.0547 0.1973
rs187957710 104369293 1.11605 0.2247 0.625
rs34673678 104074065 0.95266 0.0256 0.05773
rs59791256 104143581 0.96137 0.0556 0.4787
rs185638592 104015833 1.06972 0.1277 0.5975
rs115712364 104205806 0.78852 0.1624 0.1435
rs1064072 104215617 1.05897 0.0204 0.005055
chr10_104016319_D 104016319 0.97844 0.0266 0.4128
rs41287466 104391587 1.02860 0.0443 0.5244
rs2296580 104241683 1.05643 0.0183 0.002724
rs191921716 104203884 1.03884 0.0859 0.6572
rs1056741 104236640 1.06343 0.0178 0.0005478
rs10883760 104419465 0.94914 0.0298 0.07977
rs7100753 104300979 0.93885 0.0178 0.0003791
rs117196884 104391584 1.08817 0.0732 0.2486
rs3740415 104232716 1.08058 0.0169 4.367e-06
rs11191240 103978925 0.97971 0.0178 0.2486
rs45487496 104157947 1.01157 0.056 0.8379
rs4919620 103998258 0.99045 0.0173 0.5778
rs10883728 104269301 0.93979 0.0177 0.0004471
rs72845100 104367377 0.89449 0.0579 0.05421
chr10_104009849_D 104009849 0.98886 0.0172 0.5158
rs117305908 104208458 1.16731 0.0507 0.002288
rs2025713 104230156 0.92533 0.0169 4.244e-06
rs1056739 104236542 1.06396 0.0178 0.0004917
chr10_104163831_I 104163831 0.97668 0.0308 0.4439
rs56397707 104302693 1.06588 0.0178 0.000328
rs11191269 104120522 1.00864 0.0214 0.6867
rs77799815 104356185 1.13349 0.0672 0.06235
rs11593146 104184981 1.00713 0.0177 0.6857
rs189309659 104453322 1.39417 0.3464 0.3373
rs1044476 104184081 1.02655 0.0253 0.3005
rs4917969 104234856 1.47153 0.2893 0.1818
rs182370017 104188650 0.91741 0.0776 0.2664
chr10_104206100_I 104206100 0.93109 0.0219 0.001104
rs11191250 104034780 1.01076 0.0213 0.6149
rs150515675 104275743 0.97726 0.0568 0.6852
rs10883726 104236276 0.93979 0.0178 0.0004752
rs11592334 104278693 1.07616 0.0174 2.612e-05
rs7906115 104327164 1.07713 0.017 1.183e-05
chr10_104160439 104160439 0.86097 0.1172 0.2016
rs80221737 104047619 1.01572 0.0584 0.7891
rs2145307 104280664 0.95104 0.027 0.06291
rs3977744 104414184 0.96841 0.0184 0.08224
rs112942339 104431204 0.98649 0.0646 0.833
rs10786682 104318322 0.92849 0.017 1.218e-05
rs2479545 104059416 0.81310 0.1141 0.06964
rs146605063 104113936 0.83119 0.1177 0.1162
rs10748816 103987986 1.01745 0.0168 0.3032
rs11598128 104246221 1.08123 0.0169 3.763e-06
rs148341304 104256816 0.96503 0.0915 0.6975
rs72845082 104330878 0.99382 0.0269 0.8187
rs7900450 104456310 1.05823 0.018 0.001622
rs112286091 104050392 0.98442 0.0584 0.7885
rs183240917 104100635 1.30330 0.1899 0.1629
rs11191312 104278601 1.06908 0.0179 0.0001927
rs2002916 104432053 0.93866 0.0183 0.0005372
rs116018728 104166834 1.02255 0.1019 0.8269
chr10_104327865_D 104327865 1.07713 0.017 1.206e-05
rs7358268 104247589 0.94045 0.0179 0.0006045
rs12773833 104418350 1.05813 0.018 0.001742
rs12355584 104061219 0.98147 0.0224 0.4037
rs10883756 104400112 0.92469 0.0174 6.995e-06
rs139169130 104408211 0.71234 0.2229 0.128
rs191686976 104397876 0.96185 0.0369 0.2928
rs3936016 104354509 1.00723 0.0567 0.8994
rs12784520 104171054 0.99531 0.0228 0.8356
rs186552424 103979541 1.01949 0.061 0.7524
rs185570602 104380169 0.93969 0.1036 0.5484
rs10883765 104456686 1.05306 0.0295 0.08017
rs180724187 104207502 0.87853 0.1336 0.3322
rs141021332 104469299 0.99860 0.1601 0.9928
rs1890060 104122842 1.01928 0.0203 0.3454
rs185187022 104197599 0.97590 0.0289 0.3996
rs78060343 104058521 0.97229 0.0632 0.6567
rs151269910 104320788 1.00361 0.0348 0.917
rs7907090 104385398 0.92709 0.0752 0.3143
rs74557492 104350225 0.94810 0.0201 0.007911
rs147650971 104073613 1.01582 0.132 0.9056
chr10_104105842_D 104105842 0.99025 0.0255 0.6998
rs184242509 104148121 0.76598 0.2293 0.245
rs77091257 104349723 0.99461 0.1429 0.9698
rs189705382 104397544 0.95075 0.0306 0.0983
chr10_104468642_D 104468642 0.95571 0.0268 0.09107
chr10_104079090_D 104079090 0.98383 0.0521 0.754
rs184466210 104262056 0.85248 0.06 0.007781
rs11191372 104462187 0.94497 0.0179 0.001554
rs187407641 104018141 0.96715 0.1131 0.768
rs145830281 104407025 0.95753 0.2045 0.832
rs190825455 104264763 0.97707 0.0892 0.7945
rs2298277 104390030 1.17586 0.3941 0.681
rs189873748 104445148 0.91485 0.214 0.6773
rs59426691 104238461 0.93707 0.0181 0.0003382
rs1409312 104191800 0.94393 0.0214 0.006889
chr10_104141579_I 104141579 1.03087 0.0224 0.1743
rs6584487 103977824 1.00361 0.0228 0.8763
rs117169851 104263513 0.90231 0.0488 0.0353
rs75059264 104013595 1.02061 0.0493 0.6783
rs7074566 104189804 0.99243 0.0654 0.907
chr10_104148605_I 104148605 0.99025 0.0178 0.5838
rs1056744 104236687 0.92543 0.0169 4.416e-06
rs7078435 104304766 1.06556 0.0178 0.00036
rs17114641 104287359 1.05359 0.0299 0.08101
rs10883735 104308446 0.95285 0.0299 0.1063
rs7899004 104341435 1.08047 0.0171 5.907e-06
rs138505789 104078716 0.99950 0.0607 0.9935
rs79931565 104175649 0.99780 0.0366 0.9529
rs78909007 104011317 0.98689 0.0584 0.8218
chr10_104206822_D 104206822 0.99611 0.02 0.8447
rs55932369 104225223 0.94933 0.0483 0.2821
rs73346852 104055556 0.85163 0.2515 0.5231
rs61869601 104276802 1.06588 0.0177 0.000314
rs3961457 104429639 1.04019 0.0261 0.1308
rs11191335 104317236 0.93735 0.0178 0.0002749
rs147234361 104257369 0.98383 0.1444 0.91
rs1409310 104282265 1.06524 0.0177 0.0003682
rs149749441 104081789 1.16404 0.1505 0.3128
rs74854733 104364223 0.99700 0.0349 0.9324
rs117106761 104190215 1.14534 0.142 0.3395
rs61871137 104361451 0.98560 0.0563 0.7973
chr10_104442056_D 104442056 0.95762 0.0174 0.01301
rs74998680 104365741 0.84815 0.073 0.02402
rs73344887 103980241 0.98265 0.0581 0.7635
rs77733074 104135450 1.02000 0.0588 0.7356
rs190521457 104226293 1.05908 0.171 0.7372
rs10786680 104317192 1.07648 0.017 1.378e-05
rs74979525 104212629 0.85522 0.1074 0.1453
rs7902537 104042609 1.00632 0.0579 0.913
rs2286748 104414709 1.03314 0.0182 0.07366
rs141967860 104476615 1.07176 0.0956 0.4682
rs143075750 104306658 1.02204 0.1638 0.8943
rs146350421 104239195 1.09999 0.1694 0.5736
rs187152758 104261207 0.59786 0.1941 0.008056
rs7078511 104283874 1.08470 0.017 1.634e-06
rs35095897 104377759 0.92654 0.017 6.81e-06
rs7096072 104299976 0.93819 0.0178 0.0003269
rs7067595 104301313 1.04373 0.2048 0.8345
rs4285804 104386309 1.07573 0.017 1.676e-05
rs11592582 104066239 1.05675 0.0221 0.01265
rs74984643 104284660 1.04300 0.0571 0.4613
rs113433337 104043785 1.38625 0.1902 0.08586
rs145316982 104145330 0.84722 0.3814 0.6637
rs11191330 104306160 0.94045 0.0178 0.0005515
rs7094325 104429746 1.06290 0.0181 0.0007593
rs61873704 104236929 1.06364 0.0178 0.0005204
rs11191261 104090336 1.17386 0.2493 0.5203
rs7094751 104274818 0.93763 0.0177 0.0002752
rs7088470 104434194 0.98373 0.0485 0.7359
rs147874624 104135583 0.94526 0.0617 0.3617
rs9665626 104300638 0.95562 0.0288 0.1144
chr10_104053157_D 104053157 1.01167 0.0173 0.5036
rs149691625 104000837 0.84105 0.1174 0.1405
rs190275519 104282324 1.11449 0.0639 0.08997
rs10786677 104313365 0.94280 0.0188 0.001725
chr10_104192690_I 104192690 0.94933 0.023 0.02363
rs78837000 104352912 1.12626 0.068 0.0802
rs7904252 104456725 1.06078 0.0179 0.0009861
chr10_104445545_D 104445545 1.04917 0.0175 0.005959
rs7094614 104334874 0.95456 0.0298 0.1189
rs12360253 104147498 0.97560 0.0227 0.2766
rs11594073 104308193 0.92858 0.017 1.282e-05
rs10786685 104323103 0.92839 0.017 1.205e-05
chr10_104206794_I 104206794 0.91211 0.0636 0.1481
rs117436403 104176471 0.93034 0.0599 0.228
rs11191365 104430251 0.94677 0.03 0.06823
rs186290743 104090269 1.38652 0.1903 0.08592
rs142792934 104441530 0.96156 0.1396 0.7786
rs1984795 104226830 1.08026 0.0169 4.77e-06
rs7897368 104295155 1.06599 0.018 0.0003792
rs111596223 104025716 0.93923 0.0444 0.1578
rs11593710 104328719 0.94734 0.0192 0.004881
chr10_104431662_D 104431662 1.05717 0.03 0.06443
rs146634750 104398377 1.09889 0.0839 0.2606
rs143055158 104213334 1.35866 0.0991 0.001981
chr10_104046628_D 104046628 0.98936 0.0172 0.5354
rs112753219 104085483 1.00080 0.0227 0.9726
rs10748817 103988053 0.98373 0.0167 0.328
rs6584504 104253507 1.06556 0.0177 0.0003363
rs3740416 104230437 1.05096 0.0269 0.06497
rs191959360 104425671 1.26960 0.3649 0.5129
rs17114433 104043015 0.98462 0.0584 0.7903
rs1967814 104287048 0.95256 0.0195 0.01273
rs17114808 104391285 0.95028 0.0298 0.087
rs3977746 104419492 0.97132 0.0187 0.1188
rs72845701 104197327 0.97210 0.0268 0.2918
chr10_104384211_I 104384211 0.94810 0.0302 0.07737
rs2489742 104468644 1.00300 0.0266 0.9095
rs61871134 104330990 1.08872 0.0344 0.01345
rs7910191 104385622 0.92700 0.0752 0.3138
rs187172604 104347341 1.04749 0.0638 0.4668
rs7083450 103984060 0.99631 0.0228 0.871
rs80157931 104301732 1.06588 0.0178 0.0003292
rs113136188 104164852 0.91686 0.0452 0.05481
rs138796933 104226950 0.97795 0.216 0.9179
rs11595149 104235978 1.08080 0.0169 4.387e-06
rs12784179 104171053 0.99581 0.0228 0.8527
chr10_104048084_D 104048084 0.98896 0.0175 0.5256
rs11599295 103978333 1.05464 0.0222 0.01685
rs191861068 104146484 1.13372 0.4239 0.7671
rs61871136 104349697 1.08231 0.0769 0.3033
rs884825 104427616 0.96060 0.0261 0.1229
chr10_104204565_D 104204565 1.07251 0.0217 0.001249
rs10883759 104412049 1.03221 0.0182 0.08252
chr10_104250209_D 104250209 1.06290 0.0178 0.0006023
rs77413186 104021034 1.17000 0.242 0.5166
rs61871067 104295382 0.93501 0.0183 0.0002527
rs3934495 104361711 0.95009 0.0299 0.08666
rs113398790 104094498 1.01837 0.0586 0.7565
rs7072014 104420078 1.01765 0.049 0.721
rs7921010 104192826 0.99800 0.022 0.9289
rs138324406 104306683 0.96744 0.0887 0.7089
rs186334590 104137213 1.13667 0.169 0.4485
rs183626887 104397798 0.98344 0.0495 0.7353
rs10883757 104400133 0.94686 0.0299 0.06815
rs7475806 104255813 0.94214 0.0178 0.000811
rs78385669 104060435 1.23269 0.0779 0.007273
rs12573474 104393506 1.05390 0.0301 0.08101
rs8354 104436641 0.94885 0.0299 0.07864
rs149049176 104294484 1.03107 0.1011 0.7625
rs2281983 103991381 1.01217 0.0172 0.4802
rs74550252 104232524 1.10043 0.0617 0.1211
rs150141424 104234622 0.91934 0.0546 0.1237
rs76019731 104428104 1.11004 0.0634 0.09955
chr10_104367987_D 104367987 1.07605 0.017 1.607e-05
chr10_104079131_I 104079131 0.97521 0.0225 0.2655
rs3977749 104424234 1.09626 0.0614 0.1345
rs116928769 104464436 1.04949 0.0485 0.3192
rs12260465 104432805 1.01056 0.0485 0.8282
rs10883739 104331986 1.07778 0.017 1.039e-05
chr10_104472573_D 104472573 1.05887 0.0296 0.05302
rs1884929 104275418 0.93819 0.0177 0.0003134
rs116912499 104222558 1.04310 0.0642 0.5111
rs7898166 104349962 1.07724 0.0171 1.381e-05
rs3740414 104232809 0.92533 0.0169 4.28e-06
rs190320441 104377818 0.96773 0.074 0.6576
rs12765459 104465687 1.05760 0.0183 0.00216
rs12781742 104227469 1.08058 0.0169 4.482e-06
rs79299693 104408847 1.09538 0.0616 0.1393
rs10736158 104370023 1.07788 0.0169 9.589e-06
rs3929747 104214267 0.96638 0.0223 0.1248
rs61874853 104015737 0.99740 0.0338 0.9377
rs7077329 104161967 0.99074 0.0177 0.5968
rs772024 104075936 1.00904 0.0175 0.6075
rs772028 104074155 1.01633 0.0171 0.3437
rs11191286 104199573 0.97834 0.0208 0.2915
rs2863698 104148615 1.11149 0.0561 0.05972
rs139901931 104270217 1.06386 0.0188 0.0009614
rs12784517 104464970 0.94507 0.0179 0.001589
rs138335116 104381696 1.10916 0.2437 0.6707
rs181650389 104056679 1.46302 0.2896 0.1888
rs3740418 104158933 1.00662 0.0177 0.7089
rs7907417 104370662 0.92709 0.0169 7.917e-06
rs1538081 104150743 0.97083 0.0189 0.1182
rs190839825 104284642 1.18495 0.1055 0.1076
chr10_104067550_I 104067550 1.13610 0.1252 0.3083
rs11191343 104345225 0.94990 0.0299 0.08531
rs67646802 104303748 1.03811 0.0189 0.04773
rs3818470 104263675 1.06460 0.0177 0.0004139
rs149534061 104049784 0.97385 0.143 0.8532
rs1536309 104195202 1.01837 0.0179 0.3106
rs10883738 104321721 1.07735 0.017 1.118e-05
rs10786695 104368756 1.07788 0.0169 9.489e-06
rs2001595 104395085 0.93417 0.0185 0.0002231
rs188294992 103981683 0.90357 0.0739 0.1703
rs4917968 104220576 0.96474 0.0241 0.136
chr10_104374652_D 104374652 1.07638 0.0173 2.026e-05
chr10_104406045_I 104406045 0.92728 0.1188 0.5255
rs4146426 104404335 0.96918 0.041 0.4445
chr10_104349915_D 104349915 1.09177 0.1546 0.57
rs9783158 104340704 1.07337 0.0175 5.167e-05
rs193050412 104394460 0.95743 0.1368 0.7507
rs141667426 104363392 1.04362 0.0921 0.6433
rs118104390 104395982 0.91138 0.069 0.1789
rs7090276 104281239 0.93876 0.0177 0.000371
rs150098322 104214364 0.93473 0.0291 0.02059
rs77886504 103999779 0.95123 0.0588 0.3958
rs184798722 104314869 0.98413 0.2645 0.9518
rs11191377 104472777 1.00632 0.0183 0.7292
rs12776002 104199624 0.93277 0.0231 0.002605
rs4917978 104366353 1.07713 0.0169 1.157e-05
rs116996729 104269859 1.08763 0.1674 0.6161
rs7905481 104476292 0.94403 0.0183 0.001604
rs116913838 104409735 0.89190 0.0828 0.1669
chr10_104428391_D 104428391 0.98807 0.0486 0.8053
rs112968127 104217280 1.07670 0.0263 0.00493
rs112766449 104449013 0.96512 0.0229 0.1218
rs2246775 104057251 1.01136 0.0172 0.5104
rs78531123 104082953 1.00743 0.0362 0.8384
rs10786687 104336994 1.07702 0.017 1.236e-05
rs2281879 104268877 0.93951 0.0177 0.0004173
rs113345097 104217998 1.07638 0.0267 0.005828
rs141071436 104310187 1.02000 0.1448 0.8912
rs10786674 104285086 0.93857 0.0286 0.0267
chr10_104471974_D 104471974 1.14901 0.0589 0.01842
chr10_104369039_I 104369039 0.92774 0.0169 9.519e-06
rs147448913 104395012 1.07015 0.1406 0.6295
rs117793008 104198528 1.01238 0.0373 0.7421
rs11592574 104117404 0.94582 0.022 0.0115
chr10_104082924_D 104082924 1.01167 0.0172 0.4986
rs11593589 104228299 1.08459 0.0173 2.714e-06
rs10219057 104280238 1.06599 0.0178 0.000316
rs10786662 103989812 1.01157 0.0169 0.4945
rs140282377 104215043 1.27214 0.1786 0.1776
chr10_104415093_D 104415093 0.94308 0.0189 0.001992
rs10883725 104235956 0.93800 0.0181 0.0004064
rs117407459 104375002 1.06801 0.0807 0.4149
chr10_104156390_I 104156390 0.99442 0.0181 0.7553
rs189707414 104422156 1.16988 0.1111 0.1579
rs59474492 104217411 1.01969 0.0431 0.6515
rs729023 104341887 0.92802 0.017 1.052e-05
rs143763976 104210456 0.98373 0.1485 0.9121
chr10_104020218_D 104020218 1.13928 0.1373 0.342
rs772012 104063367 1.00904 0.0172 0.5981
rs72845696 104187404 0.97336 0.0209 0.1957
rs183522490 104090441 0.66087 0.523 0.4284
rs142962359 104338077 1.17821 0.2904 0.5722
rs150500309 104424272 1.06237 0.0931 0.516
rs143111455 104029466 0.97570 0.119 0.8363
rs193256295 104353108 0.78718 0.249 0.3365
chr10_104348848_I 104348848 0.95047 0.0183 0.005423
chr10_104197363_D 104197363 1.00884 0.0272 0.7452
rs61869211 104449836 1.03035 0.0185 0.1072
rs72845653 104038974 0.97122 0.0431 0.4971
chr10_103980731_I 103980731 0.94186 0.1064 0.5731
rs7907645 104423800 1.03666 0.0332 0.278
rs79883458 104361701 0.81922 0.1941 0.3041
rs1541048 103997644 1.01106 0.0172 0.5243
rs12769906 104463301 1.05961 0.0179 0.001223
chr10_104423588_D 104423588 0.94242 0.0197 0.002587
rs181042739 104355269 1.00220 0.1403 0.9873
rs144814064 104022413 1.06951 0.1136 0.5543
rs147071786 104312260 0.87459 0.2612 0.6081
rs79281792 104399670 1.05464 0.3971 0.8935
rs7476050 104427083 1.00200 0.0178 0.9119
rs147752262 104095956 1.02153 0.061 0.7277
rs7914158 104422321 1.00743 0.0175 0.6737
rs945781 104085921 0.97804 0.0225 0.3258
rs189819777 104397346 1.03572 0.0322 0.2747
chr10_104472654_I 104472654 0.95371 0.055 0.3893
rs10883766 104464763 0.95009 0.0295 0.08293
rs11191300 104247485 1.06003 0.0216 0.006861
rs772008 104067023 1.01177 0.0172 0.4971
rs192554323 104439890 0.90719 0.3392 0.7739
rs117686680 104266832 1.17046 0.0975 0.1066
rs11191359 104401486 1.05802 0.0301 0.06053
rs146451211 104401767 1.29188 0.3634 0.4809
rs141081393 104406039 0.63910 0.3507 0.2018
rs7094188 104334589 0.95418 0.0298 0.1152
rs3802680 104114886 0.98138 0.0197 0.3419
chr10_104077658_I 104077658 1.00995 0.0175 0.57
rs7094366 104274730 1.06609 0.0177 0.0003055
rs189258855 104332087 1.02870 0.143 0.8432
rs2252147 104467774 0.97025 0.0185 0.1039
rs139047984 104006088 0.83988 0.1174 0.1373
rs7913281 104010142 1.02378 0.0226 0.2964
rs2902544 104261359 0.95056 0.027 0.06053
rs193170831 104147794 1.10495 0.1766 0.572
rs138779369 104193123 1.03697 0.09 0.6865
rs4919638 104214878 0.99970 0.0347 0.9923
rs11592299 104225941 1.05559 0.0212 0.0107
rs187524196 104105564 0.87232 0.0862 0.1133
rs75314618 104383973 1.19220 0.0738 0.01712
rs60154233 104075217 1.02020 0.0198 0.3124
rs2296581 104242886 0.93923 0.0178 0.0004226
rs41308675 104436519 1.06769 0.0517 0.2052
chr10_104229057_I 104229057 1.08123 0.0169 3.871e-06
rs11574852 104161475 0.95964 0.0495 0.4054
rs11191353 104382673 1.07961 0.0174 1.044e-05
rs7086205 104202729 0.93081 0.0227 0.001591
rs76459123 104385595 2.11488 0.591 0.205
rs11191361 104411958 0.93716 0.0185 0.0004546
rs10444022 104084889 1.01440 0.0247 0.5631
chr10_104339792_I 104339792 0.95983 0.0185 0.0262
rs117922495 104385433 0.84789 0.1033 0.1101
rs111763328 104078908 0.98689 0.0584 0.8209
rs7902758 104452556 0.99243 0.0571 0.894
rs3802681 104114328 1.01390 0.0172 0.4216
rs10883753 104372441 0.92784 0.0169 9.834e-06
rs113189494 104010637 0.97687 0.0375 0.5319
rs2025712 104230064 0.92533 0.0169 4.251e-06
rs117132407 104436772 0.94441 0.0501 0.2532
rs4919626 104079818 1.00975 0.0214 0.6498
rs7358266 104247463 1.06332 0.0179 0.0005975
rs181228953 104466815 1.04634 0.1128 0.6883
rs12242839 104265797 1.06641 0.0181 0.0003894
rs11818043 104391627 1.05359 0.0298 0.0804
rs2145308 104150999 1.00602 0.0177 0.7342
rs4917975 104358407 1.07670 0.017 1.318e-05
rs2298281 104375405 0.94762 0.0723 0.4571
rs185175145 104423809 0.97756 0.0659 0.7303
rs148440547 104168611 1.03707 0.0383 0.3423
rs189728126 104198066 1.00140 0.1216 0.9907
chr10_104050952_I 104050952 0.91732 0.0705 0.2206
rs72845655 104044034 0.99890 0.0801 0.989
rs185964621 104094618 1.07864 0.1506 0.6151
rs7086474 104446030 0.79884 0.0884 0.01101
rs12570611 104421679 1.05306 0.0181 0.004345
rs4919669 104471975 0.94064 0.0309 0.04794
rs6584505 104254412 0.93725 0.0178 0.0002707
rs7072351 104265047 0.93876 0.0177 0.0003629
rs7074343 104283165 0.94016 0.0178 0.0005073
rs145903238 104432459 0.90983 0.0863 0.2735
chr10_104215373_I 104215373 0.94412 0.0204 0.004875
rs34269636 104410599 0.93979 0.0188 0.0009509
rs12765060 104399349 1.15859 0.0797 0.06466
rs181470752 104332975 0.79828 0.1197 0.05978
rs11191265 104102118 0.98324 0.0247 0.4941
rs183571540 104476723 0.90974 0.2511 0.7064
rs4919623 104013092 1.01167 0.0172 0.4997
rs11191309 104270514 1.12998 0.0694 0.07852
rs746551 104342583 0.90195 0.0611 0.09123
rs147843954 104293076 1.03190 0.0733 0.6682
rs76140648 104328895 0.98452 0.062 0.8016
rs183461127 104397601 0.93960 0.0193 0.001262
rs12415921 104191769 1.06014 0.0214 0.006296
chr10_104418617_D 104418617 0.95056 0.0298 0.0891
rs75483685 104227833 1.03427 0.0476 0.4782
rs10786670 104270781 0.94980 0.0272 0.05813
rs72845807 104385132 1.02973 0.0193 0.1296
rs11191299 104247481 0.94488 0.021 0.00691
rs41293034 104118273 0.96185 0.0593 0.5123
rs12240453 104218850 0.96812 0.0468 0.4892
rs11591780 104225316 0.92524 0.0169 4.302e-06
chr10_104349916_D 104349916 0.87915 0.1247 0.3017
chr10_103994934_D 103994934 1.00652 0.0175 0.711
rs7897947 104157711 1.03427 0.0209 0.1062
rs772018 104029803 1.01147 0.0172 0.5083
rs150136542 104136571 1.11918 0.0593 0.05762
rs77389536 104168125 1.00975 0.022 0.6603
rs4919642 104218226 0.55245 0.346 0.08634
rs34135067 104359297 0.84857 0.0978 0.09327
rs7911722 104468665 0.98039 0.0209 0.3437
rs187270473 104179588 1.03045 0.1639 0.8548
rs145658275 104082197 0.98255 0.0834 0.8326
rs12414407 104387019 0.94205 0.0177 0.0007265
rs10786691 104364652 0.92765 0.0169 9.268e-06
chr10_104336843_I 104336843 0.93669 0.0181 0.0002893
rs186905435 104256733 1.12705 0.1101 0.2774
chr10_104426236_I 104426236 1.00240 0.0507 0.9618
rs145272973 104136165 0.45818 0.5055 0.1226
rs114927933 104090311 1.00040 0.0338 0.991
rs1572530 104193834 0.97239 0.0208 0.1784
rs10786684 104323028 0.92849 0.017 1.22e-05
rs148057789 104373189 1.13758 0.1244 0.2999
rs192268053 104393646 1.11027 0.0613 0.08785
rs191533587 104463305 1.03087 0.1422 0.8307
rs139513803 104224733 0.97190 0.2365 0.9042
rs140605307 104166541 1.22287 0.1396 0.1496
rs7896542 104197450 0.98216 0.0346 0.6038
rs7074444 104249922 1.06503 0.0187 0.0007552
rs1628530 104029307 0.95256 0.0256 0.0575
chr10_104192667_I 104192667 0.97219 0.0176 0.1097
rs10128114 104089421 0.98177 0.0198 0.3515
chr10_104415810_D 104415810 0.94431 0.0184 0.001859
rs151060891 104367081 0.93165 0.158 0.6541
rs2274351 104264107 1.08307 0.0169 2.182e-06
chr10_104016265_I 104016265 1.07015 0.056 0.2261
rs78170991 104196050 1.05253 0.0596 0.3904
rs733283 103996576 0.98817 0.0172 0.4887
rs4323806 104422012 0.93389 0.0185 0.0002161
rs188195230 104041298 0.89548 0.1317 0.4018
rs12769316 104152751 1.05961 0.022 0.008418
rs117027139 104458243 0.93707 0.0486 0.1806
rs12763439 104080228 0.94734 0.022 0.01415
rs71471245 104281423 0.90756 0.0653 0.1374
rs35879747 104348694 1.05485 0.0201 0.007797
chr10_104153002_D 104153002 0.97356 0.0192 0.1625
rs3961455 104421471 1.03035 0.0194 0.123
chr10_104397936_D 104397936 0.98600 0.0282 0.6177
rs181016730 104280073 1.01654 0.0807 0.8391
rs61874851 103985887 0.97064 0.0476 0.5311
rs12265877 104247247 1.06407 0.0178 0.0004685
rs2031602 104307955 0.93960 0.0178 0.000455
rs80339617 104407463 1.09527 0.0616 0.1397
rs140335393 104200912 0.91925 0.05 0.09188
rs147814287 104341845 1.29537 0.161 0.1079
rs3781290 104244948 0.93707 0.0176 0.0002273
rs11191326 104302959 0.93894 0.0177 0.0003828
rs78059814 104070016 0.98079 0.0586 0.7408
rs11191305 104255434 0.93876 0.0177 0.0003561
rs72847723 104239755 1.15096 0.1583 0.3744
chr10_104270248_I 104270248 0.92598 0.1067 0.4708
rs7093928 104010702 1.01654 0.017 0.3338
rs2485374 104049150 0.98896 0.0172 0.5179
chr10_104417280_I 104417280 1.03045 0.1025 0.7698
rs3977755 104420210 1.02953 0.0187 0.1192
rs3934960 104355275 0.92765 0.017 9.543e-06
rs185445051 103994245 0.85163 0.1145 0.1607
rs188616137 104147622 1.15986 0.0946 0.1168
chr10_104293679_D 104293679 0.82506 0.3169 0.544
rs56115161 104079091 0.98797 0.0172 0.4822
rs12360330 104148355 0.98916 0.0249 0.6623
rs11191352 104372244 1.07788 0.0169 9.611e-06
chr10_104235799_I 104235799 1.00541 0.0177 0.7585
rs11597439 104184953 1.00723 0.0177 0.6851
rs11191264 104096732 1.01045 0.0213 0.6277
rs4919665 104366042 1.07875 0.017 7.818e-06
rs141406333 104265041 0.95562 0.0926 0.6238
rs190475348 104046726 1.07810 0.1292 0.5607
rs118108415 104367852 1.11316 0.1349 0.4267
rs4522108 104422046 1.05717 0.0181 0.002099
rs2485378 104059139 1.01106 0.0172 0.5231
rs75950986 104415690 1.03128 0.0638 0.6294
rs79468648 104068047 0.97210 0.0616 0.6463
rs3758547 104261963 0.99890 0.0557 0.9848
rs75450616 104044932 1.01562 0.1123 0.8905
rs56771365 104448939 1.04875 0.0184 0.009789
rs139540800 104053712 1.05043 0.0588 0.4028
rs4523633 103979285 0.99134 0.1802 0.9616
rs10437480 104453024 0.94403 0.0179 0.001275
rs11592718 104192691 1.04112 0.0223 0.07088
rs80146619 104405850 0.95037 0.021 0.01547
rs35035059 104314881 1.04258 0.0195 0.03236
rs7904955 104367092 0.93576 0.0179 0.0002146
rs112466860 104313434 0.88497 0.112 0.275
rs74626918 104315668 0.84789 0.073 0.02381
rs10748818 104015279 1.01786 0.0239 0.4583
rs75805294 104087214 1.04530 0.0597 0.4582
rs11191319 104289503 1.12964 0.0527 0.02055
rs77398669 103986890 1.12300 0.1085 0.2851
rs11598473 104056428 1.05728 0.0221 0.0118
rs4919652 104274157 0.94819 0.0271 0.04997
rs7893155 104294228 0.93876 0.0178 0.0003756
rs188173378 104178663 1.04112 0.1704 0.813
rs144601552 104205011 0.83102 0.18 0.3038
rs148481315 104205811 1.46053 0.1723 0.02789
rs6584513 104334645 0.92867 0.0171 1.528e-05
rs41306870 104229785 1.08069 0.0169 4.259e-06
rs111415964 104150454 0.99690 0.0597 0.9585
rs188681902 104206794 0.96397 0.1087 0.7359
rs72845686 104147866 0.99920 0.0227 0.971
rs77616533 104055983 1.01552 0.0247 0.533
rs3977747 104421568 0.97190 0.0187 0.1283
rs4486546 104151404 1.06141 0.0592 0.3138
rs188617482 104322564 1.04770 0.098 0.6346
chr10_104214388_I 104214388 0.96108 0.0186 0.03322
rs112249297 104014813 1.06812 0.1613 0.6827
chr10_104404159_I 104404159 0.99372 0.0424 0.8812
rs772025 104075721 1.01157 0.0172 0.5017
rs78069802 104324906 0.99770 0.0352 0.9471
chr10_104439717_I 104439717 0.97103 0.0978 0.7635
rs11574849 104159696 1.00672 0.0337 0.8423
rs12572775 104285594 0.92008 0.017 9.37e-07
rs192538530 104397075 0.92404 0.0502 0.1158
rs4919649 104272336 1.05085 0.0271 0.06699
rs72847755 104295443 0.96445 0.0633 0.5677
rs11191270 104124605 0.99134 0.0214 0.6849
rs143628115 104412512 0.76698 0.1218 0.02942
rs12771867 104246691 1.08220 0.0169 2.818e-06
rs772033 104056268 1.01227 0.0173 0.4784
rs191596548 104119606 0.81083 0.0995 0.03508
rs72845660 104071973 1.01786 0.0203 0.3816
rs6584512 104329685 1.07842 0.0169 8.503e-06
rs181854774 104061959 1.18294 0.0993 0.09071
rs75808770 104279346 1.00250 0.0352 0.9427
chr10_104299191_D 104299191 0.94781 0.0183 0.003441
rs193191389 104326813 1.14488 0.0914 0.1387
rs11598092 104274329 1.05622 0.0184 0.002958
rs10883767 104468583 1.05422 0.0294 0.07275
rs150865401 104296689 1.04970 0.0983 0.6214
rs729025 104342206 0.95409 0.0298 0.1151
rs12780386 104196866 1.05211 0.0209 0.01498
chr10_104446157_D 104446157 1.02963 0.0405 0.4709
rs2479555 104025383 1.01147 0.0172 0.5071
rs12781718 104227433 1.08026 0.0169 4.783e-06
chr10_104158993_D 104158993 1.18152 0.2301 0.4685
rs3781291 104166466 1.01227 0.0191 0.5251
chr10_104090443_I 104090443 1.02552 0.0474 0.5948
rs139410113 104232209 1.10927 0.0616 0.09219
rs11597024 104104869 0.95171 0.0255 0.05229
chr10_104195026_I 104195026 0.98807 0.0266 0.6528
rs2863707 104204140 1.01238 0.0268 0.6458
rs191908691 104278256 0.97990 0.0823 0.8054
rs7923183 103992569 0.98787 0.0172 0.4774
rs188752055 104446245 1.12772 0.0673 0.07433
rs72845675 104146022 1.07756 0.0495 0.1314
rs4919643 104222377 0.95734 0.0243 0.07337
rs35637354 104221854 0.95361 0.0202 0.01858
rs61869164 104425772 1.00431 0.0554 0.9381
rs61871069 104302127 1.06556 0.0178 0.0003525
chr10_104474046_D 104474046 1.03780 0.0255 0.1463
rs6584503 104223188 1.02296 0.0432 0.5987
rs7898410 104245858 1.06449 0.0178 0.0004323
rs772015 104061026 0.98748 0.0172 0.4627
rs3824756 104359350 1.04812 0.0298 0.1149
rs181923593 104403200 1.10318 0.0513 0.05558
rs56238324 104149814 1.00572 0.0177 0.7473
rs12776238 104463840 1.05876 0.0179 0.001462
rs11598184 104246303 1.08199 0.0172 4.652e-06
rs7916262 104015818 1.01076 0.0172 0.5343
rs146952142 104438825 1.00451 0.0638 0.9435
rs117632672 104152045 0.91037 0.0895 0.2943
rs141298180 104107740 0.97893 0.061 0.727
rs11591571 104342804 1.04875 0.018 0.008272
rs190076484 104397299 1.02450 0.03 0.4197
rs111409433 104037425 1.01532 0.0585 0.7952
rs12241531 104407792 1.01238 0.0394 0.7548
rs7086592 104446057 0.97239 0.0492 0.5689
rs181858826 104223177 1.02132 0.1109 0.8489
rs189509851 104284133 0.77067 0.3384 0.4414
rs188887151 104350136 0.84849 0.1949 0.3993
rs184753453 104432356 1.15940 0.0993 0.1365
rs117878070 104182761 1.04991 0.0941 0.6046
rs61874852 104012285 0.99770 0.0338 0.9456
rs112004166 104444556 0.99035 0.0676 0.8853
rs34377578 104336426 0.95256 0.02 0.01525
rs118076451 104288776 0.96590 0.0739 0.6387
rs11191355 104392497 1.03490 0.0235 0.1448
chr10_104397939_D 104397939 0.91879 0.0184 4.264e-06
rs746552 104342501 1.06620 0.0178 0.0003073
chr10_104102704_I 104102704 0.98059 0.096 0.8378
rs11191245 104012677 0.98926 0.0172 0.5304
rs11191252 104060060 0.97619 0.0226 0.2875
rs7079810 104243883 0.93932 0.0178 0.0004276
rs138019838 104278625 0.99641 0.1166 0.9755
rs56223674 104098164 1.07724 0.051 0.1449
rs17094517 104021109 1.01593 0.0584 0.7871
chr10_104204556_I 104204556 1.02757 0.0198 0.1697
rs183989695 104116304 1.00491 0.1167 0.9662
rs117773210 104253310 0.96561 0.0641 0.5854
rs10786700 104387735 0.94753 0.0298 0.07024
rs10748827 104368336 0.93735 0.0178 0.0002745
rs11191337 104317785 1.04886 0.0298 0.1097
rs182643907 104067439 1.00391 0.1429 0.9784
rs116963179 104429143 1.14362 0.0832 0.1065
rs1326193 104271674 0.93800 0.0177 0.0003091
rs6584500 104205504 1.07648 0.0219 0.0007649
rs7342070 104223628 0.92645 0.0169 6.254e-06
rs10748824 104274466 1.06972 0.0183 0.0002389
rs10883762 104420516 0.97287 0.0187 0.1409
rs772022 104036008 0.98955 0.0172 0.5402
rs1541047 103997645 1.01339 0.0174 0.4443
rs191630797 104468336 1.06396 0.096 0.5188
rs12260430 104170204 1.03531 0.021 0.098
rs72847727 104244799 0.87783 0.1044 0.2121
rs190824656 104216983 1.65616 0.39 0.1958
rs117732217 104231203 0.90502 0.0837 0.233
rs79159857 104296418 0.97356 0.029 0.355
rs61875777 104123615 0.89128 0.0591 0.05141
chr10_104400971_D 104400971 0.87450 0.0669 0.04513
rs141090029 104059740 1.20322 0.1175 0.1155
rs113932897 104076039 0.98373 0.0586 0.7797
rs7475335 104343428 1.04875 0.018 0.00827
rs181074871 104397492 0.99700 0.0247 0.9032
rs12765135 104152433 0.89942 0.0441 0.0163
rs149374039 104092953 1.05043 0.0627 0.433
rs191554479 104031551 1.12300 0.1953 0.5526
rs12772374 104156911 0.94365 0.022 0.008344
rs4919632 104157727 0.99950 0.0598 0.9937
rs11814894 104098949 0.98965 0.0172 0.5464
rs12572855 104374246 0.94866 0.0704 0.4538
rs1057050 104142294 1.00652 0.0361 0.8576
rs17707508 104047836 0.98521 0.0202 0.4608
rs772029 104072327 1.01217 0.0172 0.4824
rs4543913 104131484 0.95180 0.1601 0.7578
rs140708847 104002493 1.19101 0.0562 0.001874
rs188221712 104064524 0.98246 0.0868 0.8388
rs188058912 104364755 1.39892 0.1519 0.02713
chr10_104234781_I 104234781 0.93838 0.0182 0.0004607
rs2248532 104475547 0.93960 0.1087 0.5666
rs118028082 104226834 1.00813 0.0351 0.8163
rs11593583 104228149 1.08047 0.0169 4.533e-06
rs186101219 104288998 0.96146 0.116 0.7351
chr10_104254393_D 104254393 1.09516 0.0448 0.04231
rs10883723 104225832 1.06577 0.0182 0.000464
rs12354486 104124055 1.00713 0.0214 0.7413
rs187878246 104329396 1.78604 0.6161 0.3465
rs41293036 104118983 0.94573 0.0618 0.3667
rs945779 104112816 1.00280 0.0562 0.9603
chr10_104468664_D 104468664 0.97853 0.0198 0.272
chr10_104294761_D 104294761 0.95476 0.055 0.3999
