o_hom	e_hom	nm	miss
285743	2.85E+05	349511	0.004911
286477	2.86E+05	350884	0.001002
286936	2.86E+05	350815	0.001199
285736	2.86E+05	350604	0.001799
286410	2.86E+05	350931	0.0008684
285774	2.86E+05	350554	0.001942
285834	2.86E+05	350902	0.0009509
286164	2.86E+05	350788	0.001275
285939	2.86E+05	350768	0.001332
286031	2.86E+05	350851	0.001096
282250	2.83E+05	346491	0.01351
286867	2.86E+05	350916	0.0009111
285909	2.86E+05	350633	0.001717
285681	2.86E+05	350377	0.002446
286992	2.86E+05	350487	0.002132
285363	2.86E+05	350701	0.001523
286018	2.86E+05	350278	0.002728
286111	2.86E+05	350923	0.0008911
286325	2.86E+05	350875	0.001028
285967	2.86E+05	350684	0.001572
286821	2.86E+05	350733	0.001432
286709	2.86E+05	350878	0.001019
286369	2.86E+05	350706	0.001509
286476	2.86E+05	350760	0.001355
285900	2.86E+05	350791	0.001267
286980	2.86E+05	350882	0.001008
286538	2.86E+05	350820	0.001184
286149	2.86E+05	350922	0.000894
286500	2.86E+05	350717	0.001478
286052	2.86E+05	350655	0.001654
287176	2.86E+05	350880	0.001014
286665	2.86E+05	350909	0.000931
286083	2.86E+05	350522	0.002033
285887	2.86E+05	351005	0.0006577
287046	2.86E+05	350921	0.0008968
286844	2.86E+05	350628	0.001731
286475	2.86E+05	350899	0.0009595
286666	2.86E+05	350796	0.001253
286578	2.86E+05	350792	0.001264
286504	2.86E+05	350739	0.001415
286852	2.86E+05	350820	0.001184
286774	2.86E+05	350934	0.0008598
286215	2.86E+05	350620	0.001754
286947	2.86E+05	350876	0.001025
285729	2.86E+05	350937	0.0008513
285868	2.86E+05	350570	0.001896
286563	2.86E+05	350857	0.001079
287223	2.86E+05	350933	0.0008627
287214	2.86E+05	350806	0.001224
286669	2.86E+05	350962	0.0007801
285856	2.86E+05	350779	0.001301
286687	2.86E+05	350921	0.0008968
286087	2.86E+05	350941	0.0008399
285073	2.85E+05	349804	0.004077
286312	2.86E+05	350891	0.0009822
285767	2.86E+05	350800	0.001241
286434	2.86E+05	350864	0.001059
285730	2.86E+05	350897	0.0009652
285513	2.86E+05	350788	0.001275
286104	2.86E+05	350883	0.001005
286247	2.86E+05	350382	0.002431
285914	2.86E+05	350819	0.001187
287389	2.86E+05	350850	0.001099
286925	2.86E+05	350949	0.0008171
287279	2.86E+05	350731	0.001438
286843	2.86E+05	350685	0.001569
285830	2.86E+05	350921	0.0008968
286267	2.86E+05	350835	0.001142
285924	2.86E+05	350922	0.000894
285793	2.86E+05	350806	0.001224
286502	2.86E+05	350885	0.0009993
286101	2.85E+05	349685	0.004416
288937	2.86E+05	350901	0.0009538
285986	2.86E+05	350935	0.000857
285270	2.86E+05	350261	0.002776
286769	2.86E+05	350915	0.0009139
286697	2.86E+05	350841	0.001125
285900	2.86E+05	350745	0.001398
286399	2.86E+05	351001	0.0006691
286281	2.86E+05	350724	0.001458
286045	2.86E+05	350828	0.001162
287049	2.86E+05	350982	0.0007232
285754	2.86E+05	350678	0.001589
286500	2.86E+05	350735	0.001426
286611	2.86E+05	350864	0.001059
286311	2.86E+05	350904	0.0009452
286053	2.86E+05	350821	0.001182
287210	2.86E+05	350970	0.0007573
286609	2.86E+05	350957	0.0007943
286529	2.86E+05	350843	0.001119
286989	2.86E+05	350864	0.001059
286368	2.86E+05	350827	0.001164
287187	2.86E+05	350741	0.001409
286166	2.86E+05	350875	0.001028
286002	2.86E+05	350807	0.001221
285921	2.86E+05	350912	0.0009225
286444	2.86E+05	350700	0.001526
286656	2.86E+05	350805	0.001227
286537	2.86E+05	351002	0.0006662
286465	2.86E+05	350357	0.002503
286100	2.86E+05	350924	0.0008883
286291	2.86E+05	350995	0.0006861
286040	2.86E+05	350771	0.001324
286503	2.86E+05	350851	0.001096
286309	2.86E+05	350983	0.0007203
285939	2.86E+05	350737	0.001421
283905	2.85E+05	349302	0.005506
286039	2.86E+05	350834	0.001145
286446	2.86E+05	350642	0.001691
283352	2.84E+05	347420	0.01086
285964	2.86E+05	350002	0.003513
286035	2.86E+05	350824	0.001173
286722	2.86E+05	350977	0.0007374
287044	2.86E+05	350681	0.00158
285888	2.86E+05	350846	0.00111
286674	2.86E+05	350772	0.001321
285856	2.86E+05	350824	0.001173
286738	2.86E+05	350956	0.0007972
286113	2.86E+05	350242	0.00283
286900	2.86E+05	350843	0.001119
286654	2.86E+05	350857	0.001079
286092	2.86E+05	350482	0.002147
286560	2.86E+05	350545	0.001967
285311	2.86E+05	350970	0.0007573
286062	2.86E+05	350825	0.00117
285932	2.86E+05	350903	0.0009481
285976	2.86E+05	350909	0.000931
286021	2.86E+05	350803	0.001233
286570	2.86E+05	350999	0.0006748
286240	2.86E+05	350826	0.001167
287341	2.86E+05	350774	0.001315
285969	2.86E+05	350922	0.000894
286210	2.86E+05	350770	0.001327
286684	2.86E+05	350835	0.001142
286100	2.86E+05	350867	0.001051
286725	2.86E+05	350825	0.00117
285596	2.86E+05	350935	0.000857
286756	2.86E+05	350758	0.001361
286079	2.86E+05	350912	0.0009225
287272	2.86E+05	350777	0.001307
284981	2.86E+05	350832	0.00115
286364	2.86E+05	350972	0.0007516
286368	2.86E+05	350715	0.001483
286204	2.86E+05	350918	0.0009054
287492	2.86E+05	350930	0.0008712
285831	2.86E+05	350879	0.001016
286524	2.86E+05	350999	0.0006748
283732	2.85E+05	348652	0.007357
286596	2.86E+05	350389	0.002411
286611	2.86E+05	350881	0.001011
286445	2.86E+05	350774	0.001315
285979	2.86E+05	350921	0.0008968
286434	2.86E+05	350807	0.001221
287001	2.86E+05	350854	0.001088
286715	2.86E+05	350864	0.001059
286707	2.86E+05	350835	0.001142
286110	2.86E+05	350803	0.001233
285441	2.86E+05	350872	0.001036
284525	2.85E+05	348770	0.007021
286925	2.86E+05	350851	0.001096
286115	2.86E+05	350839	0.00113
287483	2.86E+05	350744	0.001401
285635	2.86E+05	350865	0.001056
285758	2.86E+05	350991	0.0006975
286039	2.86E+05	350812	0.001207
285601	2.86E+05	350873	0.001033
286699	2.86E+05	350947	0.0008228
287447	2.86E+05	350868	0.001048
286085	2.86E+05	350729	0.001443
285747	2.86E+05	350768	0.001332
287021	2.86E+05	350730	0.001441
286659	2.86E+05	350909	0.000931
286591	2.86E+05	350717	0.001478
287196	2.86E+05	350882	0.001008
286077	2.86E+05	350897	0.0009652
285996	2.86E+05	350941	0.0008399
287270	2.86E+05	350913	0.0009196
286751	2.86E+05	350845	0.001113
286862	2.86E+05	350776	0.00131
286635	2.86E+05	350890	0.0009851
286836	2.86E+05	350979	0.0007317
286978	2.86E+05	350941	0.0008399
285898	2.86E+05	350833	0.001147
285598	2.86E+05	350918	0.0009054
286882	2.86E+05	350907	0.0009367
286125	2.86E+05	350803	0.001233
285889	2.86E+05	350498	0.002101
285526	2.86E+05	350904	0.0009452
286328	2.86E+05	350893	0.0009766
287055	2.86E+05	350832	0.00115
286311	2.86E+05	350900	0.0009566
286272	2.86E+05	350966	0.0007687
286602	2.86E+05	350889	0.0009879
286837	2.86E+05	350917	0.0009082
287550	2.86E+05	350983	0.0007203
286339	2.86E+05	350937	0.0008513
285854	2.86E+05	350933	0.0008627
290614	2.86E+05	350760	0.001355
286429	2.86E+05	350889	0.0009879
286666	2.86E+05	350879	0.001016
291456	2.86E+05	350821	0.001182
286217	2.86E+05	350939	0.0008456
286399	2.86E+05	350917	0.0009082
287102	2.86E+05	350980	0.0007289
286286	2.86E+05	350956	0.0007972
286501	2.86E+05	350901	0.0009538
286435	2.86E+05	350887	0.0009936
286839	2.86E+05	350976	0.0007402
286422	2.86E+05	350910	0.0009282
286506	2.86E+05	350915	0.0009139
286666	2.86E+05	350852	0.001093
285849	2.86E+05	350876	0.001025
286738	2.86E+05	350887	0.0009936
286436	2.86E+05	350798	0.001247
286105	2.86E+05	350875	0.001028
286531	2.86E+05	350973	0.0007488
286655	2.86E+05	350914	0.0009168
286942	2.86E+05	350864	0.001059
286425	2.86E+05	350776	0.00131
287045	2.86E+05	350961	0.0007829
285413	2.86E+05	350954	0.0008029
287541	2.86E+05	350868	0.001048
285823	2.86E+05	350925	0.0008854
286454	2.86E+05	350864	0.001059
286033	2.86E+05	350896	0.000968
287304	2.86E+05	350908	0.0009338
286916	2.86E+05	350918	0.0009054
285677	2.86E+05	350835	0.001142
287041	2.86E+05	351003	0.0006634
287231	2.86E+05	350849	0.001102
286974	2.86E+05	350766	0.001338
286538	2.86E+05	350926	0.0008826
286631	2.86E+05	350884	0.001002
287422	2.86E+05	350876	0.001025
285639	2.86E+05	350820	0.001184
285447	2.86E+05	350643	0.001688
287203	2.86E+05	350696	0.001537
286299	2.86E+05	350904	0.0009452
286850	2.86E+05	350921	0.0008968
286541	2.86E+05	350955	0.0008
286710	2.86E+05	350764	0.001344
285811	2.86E+05	350831	0.001153
286466	2.86E+05	350963	0.0007773
286913	2.86E+05	350786	0.001281
285454	2.86E+05	351014	0.0006321
285866	2.86E+05	350898	0.0009623
285658	2.86E+05	350883	0.001005
286663	2.86E+05	350936	0.0008541
286627	2.86E+05	350896	0.000968
286079	2.86E+05	350757	0.001364
286078	2.86E+05	350946	0.0008257
286462	2.86E+05	350969	0.0007602
286471	2.86E+05	350746	0.001395
286226	2.86E+05	350908	0.0009338
286977	2.86E+05	350919	0.0009025
287751	2.86E+05	350831	0.001153
286456	2.86E+05	350193	0.00297
286526	2.86E+05	350846	0.00111
287772	2.86E+05	350899	0.0009595
286643	2.86E+05	350854	0.001088
286657	2.86E+05	350619	0.001757
285388	2.85E+05	349143	0.005959
287080	2.86E+05	350926	0.0008826
286414	2.86E+05	350748	0.001389
284683	2.84E+05	348034	0.009116
285412	2.86E+05	350207	0.00293
286502	2.86E+05	350823	0.001176
286638	2.86E+05	350891	0.0009822
286131	2.86E+05	350885	0.0009993
285532	2.86E+05	350588	0.001845
286202	2.86E+05	350929	0.0008741
286219	2.86E+05	350837	0.001136
285649	2.86E+05	350875	0.001028
286876	2.86E+05	350634	0.001714
287130	2.86E+05	350835	0.001142
286047	2.86E+05	350628	0.001731
286445	2.86E+05	350728	0.001446
285560	2.86E+05	350864	0.001059
286814	2.86E+05	350657	0.001648
286874	2.86E+05	350915	0.0009139
285603	2.86E+05	350641	0.001694
286543	2.86E+05	350766	0.001338
286879	2.86E+05	350920	0.0008997
286208	2.86E+05	350895	0.0009709
285025	2.85E+05	349163	0.005902
285940	2.86E+05	350878	0.001019
286191	2.86E+05	350787	0.001278
287411	2.86E+05	350877	0.001022
285997	2.86E+05	350657	0.001648
285415	2.86E+05	350436	0.002278
286039	2.86E+05	349833	0.003994
286713	2.86E+05	350604	0.001799
286164	2.86E+05	350557	0.001933
286653	2.86E+05	350633	0.001717
286219	2.86E+05	350704	0.001515
286220	2.86E+05	350848	0.001105
286853	2.86E+05	350938	0.0008484
286112	2.86E+05	350682	0.001577
285805	2.86E+05	350866	0.001053
286229	2.86E+05	350891	0.0009822
286369	2.86E+05	350844	0.001116
286682	2.86E+05	350865	0.001056
286324	2.86E+05	350857	0.001079
286523	2.86E+05	350768	0.001332
285053	2.86E+05	350777	0.001307
285905	2.86E+05	350812	0.001207
286400	2.86E+05	350889	0.0009879
287161	2.86E+05	350951	0.0008114
285836	2.86E+05	350798	0.001247
286157	2.86E+05	350953	0.0008057
286897	2.86E+05	350748	0.001389
285642	2.85E+05	349838	0.00398
286296	2.86E+05	350760	0.001355
286175	2.86E+05	350964	0.0007744
286740	2.86E+05	350743	0.001404
286650	2.86E+05	350664	0.001629
286514	2.86E+05	350938	0.0008484
286126	2.86E+05	350938	0.0008484
286308	2.86E+05	350875	0.001028
286355	2.86E+05	350945	0.0008285
286568	2.86E+05	350703	0.001517
286872	2.86E+05	350940	0.0008427
286369	2.86E+05	350910	0.0009282
285605	2.86E+05	350805	0.001227
286044	2.86E+05	350750	0.001384
287732	2.86E+05	350917	0.0009082
287365	2.86E+05	350720	0.001469
286666	2.86E+05	350862	0.001065
286540	2.86E+05	350999	0.0006748
286685	2.86E+05	350939	0.0008456
286486	2.86E+05	350891	0.0009822
285817	2.86E+05	350967	0.0007659
285317	2.85E+05	349429	0.005145
286487	2.86E+05	350896	0.000968
285777	2.86E+05	350994	0.000689
286890	2.86E+05	350795	0.001256
286109	2.86E+05	350968	0.000763
286454	2.86E+05	350993	0.0006918
285793	2.86E+05	350545	0.001967
286272	2.86E+05	350817	0.001193
285301	2.86E+05	350934	0.0008598
286714	2.86E+05	350961	0.0007829
287038	2.86E+05	350936	0.0008541
286794	2.86E+05	350887	0.0009936
286159	2.86E+05	350971	0.0007545
286667	2.86E+05	350822	0.001179
286595	2.86E+05	350820	0.001184
287139	2.86E+05	350960	0.0007858
286697	2.86E+05	350863	0.001062
287389	2.86E+05	350982	0.0007232
287675	2.86E+05	351018	0.0006207
287604	2.86E+05	350936	0.0008541
286221	2.86E+05	350986	0.0007118
287060	2.86E+05	351009	0.0006463
286307	2.86E+05	350873	0.001033
286665	2.86E+05	350921	0.0008968
287242	2.86E+05	350966	0.0007687
286381	2.86E+05	350944	0.0008313
285590	2.86E+05	350933	0.0008627
287017	2.86E+05	350911	0.0009253
287238	2.86E+05	350888	0.0009908
286285	2.86E+05	350939	0.0008456
286599	2.86E+05	350930	0.0008712
287313	2.86E+05	350882	0.001008
286696	2.86E+05	350921	0.0008968
286406	2.86E+05	350849	0.001102
285922	2.86E+05	350842	0.001122
286630	2.86E+05	350857	0.001079
286720	2.86E+05	350944	0.0008313
285359	2.86E+05	350959	0.0007886
286747	2.86E+05	350917	0.0009082
287242	2.86E+05	350975	0.0007431
286224	2.86E+05	350996	0.0006833
286279	2.86E+05	350813	0.001204
286210	2.86E+05	351025	0.0006007
287390	2.86E+05	350903	0.0009481
286417	2.86E+05	350710	0.001498
286202	2.86E+05	350987	0.0007089
285827	2.86E+05	350925	0.0008854
286132	2.86E+05	350889	0.0009879
286161	2.86E+05	350934	0.0008598
287161	2.86E+05	350892	0.0009794
285556	2.86E+05	350840	0.001127
286618	2.86E+05	350841	0.001125
286190	2.86E+05	350863	0.001062
286166	2.86E+05	350944	0.0008313
288280	2.86E+05	350953	0.0008057
287289	2.86E+05	350873	0.001033
285960	2.86E+05	350871	0.001039
286668	2.86E+05	350991	0.0006975
286910	2.86E+05	350833	0.001147
285968	2.86E+05	350923	0.0008911
287081	2.86E+05	351004	0.0006605
285160	2.86E+05	350929	0.0008741
286076	2.86E+05	350874	0.001031
286274	2.86E+05	350713	0.001489
287715	2.86E+05	351030	0.0005865
285677	2.86E+05	350892	0.0009794
286046	2.86E+05	350845	0.001113
287480	2.86E+05	350969	0.0007602
286421	2.86E+05	350886	0.0009965
288197	2.86E+05	350911	0.0009253
286923	2.86E+05	350579	0.001871
285724	2.86E+05	350831	0.001153
286083	2.86E+05	350190	0.002978
286200	2.86E+05	350882	0.001008
286345	2.86E+05	350974	0.0007459
285535	2.85E+05	349060	0.006195
286375	2.86E+05	350923	0.0008911
286944	2.86E+05	350929	0.0008741
287165	2.86E+05	350917	0.0009082
286069	2.86E+05	350886	0.0009965
286268	2.86E+05	350878	0.001019
286028	2.86E+05	350691	0.001552
287202	2.86E+05	350928	0.0008769
286645	2.86E+05	350704	0.001515
286608	2.86E+05	351021	0.0006121
286105	2.86E+05	350831	0.001153
286043	2.86E+05	350899	0.0009595
283174	2.83E+05	346770	0.01272
286060	2.86E+05	350876	0.001025
286141	2.86E+05	350894	0.0009737
286336	2.86E+05	350620	0.001754
285669	2.86E+05	350839	0.00113
286611	2.86E+05	350939	0.0008456
286276	2.86E+05	350844	0.001116
287967	2.86E+05	350979	0.0007317
285227	2.84E+05	348535	0.00769
286197	2.86E+05	350343	0.002542
285734	2.86E+05	350781	0.001295
285962	2.86E+05	350199	0.002952
286501	2.86E+05	350723	0.001461
286660	2.86E+05	350990	0.0007004
286454	2.86E+05	350439	0.002269
286581	2.86E+05	350934	0.0008598
286701	2.86E+05	350880	0.001014
286891	2.86E+05	350787	0.001278
286158	2.86E+05	350994	0.000689
285838	2.86E+05	350785	0.001284
286418	2.86E+05	350867	0.001051
286677	2.86E+05	350659	0.001643
286208	2.86E+05	350939	0.0008456
285855	2.86E+05	350825	0.00117
287553	2.86E+05	350992	0.0006947
287047	2.86E+05	350976	0.0007402
286917	2.86E+05	350783	0.00129
287702	2.86E+05	350768	0.001332
287761	2.86E+05	350944	0.0008313
285965	2.86E+05	350855	0.001085
286841	2.86E+05	350825	0.00117
286525	2.86E+05	350843	0.001119
286919	2.86E+05	350550	0.001953
286656	2.86E+05	350734	0.001429
286506	2.86E+05	350893	0.0009766
286172	2.86E+05	350797	0.00125
287153	2.86E+05	350741	0.001409
286079	2.86E+05	350817	0.001193
287079	2.86E+05	350908	0.0009338
286140	2.86E+05	350949	0.0008171
286057	2.86E+05	350878	0.001019
286635	2.86E+05	350969	0.0007602
286584	2.86E+05	350684	0.001572
286386	2.86E+05	350743	0.001404
286468	2.86E+05	350673	0.001603
286102	2.86E+05	350921	0.0008968
287256	2.86E+05	350846	0.00111
286284	2.86E+05	350707	0.001506
286314	2.86E+05	350749	0.001387
286347	2.86E+05	350960	0.0007858
285427	2.86E+05	350834	0.001145
286821	2.86E+05	350723	0.001461
286144	2.86E+05	350942	0.000837
285011	2.86E+05	350892	0.0009794
286740	2.86E+05	350782	0.001293
286669	2.86E+05	350874	0.001031
286502	2.86E+05	350779	0.001301
284928	2.86E+05	350592	0.001834
287031	2.86E+05	350965	0.0007716
286863	2.86E+05	350840	0.001127
285651	2.86E+05	350758	0.001361
286117	2.86E+05	350806	0.001224
287021	2.86E+05	350786	0.001281
284497	2.86E+05	349698	0.004379
286495	2.86E+05	350856	0.001082
285933	2.86E+05	350714	0.001486
286606	2.86E+05	350755	0.001369
286280	2.86E+05	351035	0.0005723
286897	2.86E+05	350916	0.0009111
285442	2.86E+05	350685	0.001569
286597	2.86E+05	351034	0.0005751
286267	2.86E+05	350838	0.001133
286298	2.86E+05	350631	0.001722
286762	2.86E+05	350835	0.001142
286332	2.86E+05	350781	0.001295
286279	2.86E+05	350454	0.002226
286601	2.86E+05	350910	0.0009282
286555	2.86E+05	350790	0.00127
286529	2.86E+05	350784	0.001287
286529	2.86E+05	350984	0.0007175
286017	2.86E+05	350715	0.001483
286625	2.86E+05	350875	0.001028
285742	2.86E+05	350770	0.001327
286799	2.86E+05	350706	0.001509
286805	2.86E+05	350923	0.0008911
288567	2.86E+05	350887	0.0009936
286066	2.86E+05	350880	0.001014
286471	2.86E+05	350983	0.0007203
287462	2.86E+05	350910	0.0009282
286100	2.86E+05	350750	0.001384
287145	2.86E+05	351004	0.0006605
286314	2.86E+05	350883	0.001005
284617	2.85E+05	348803	0.006927
286937	2.86E+05	350774	0.001315
287804	2.86E+05	350917	0.0009082
287806	2.86E+05	351012	0.0006377
285641	2.86E+05	350912	0.0009225
286184	2.86E+05	350779	0.001301
285919	2.86E+05	350604	0.001799
286037	2.86E+05	350834	0.001145
285663	2.86E+05	350672	0.001606
285300	2.86E+05	350504	0.002084
286212	2.86E+05	350027	0.003442
285787	2.86E+05	350577	0.001876
286738	2.86E+05	350889	0.0009879
286834	2.86E+05	350674	0.0016
285879	2.86E+05	350499	0.002098
286922	2.86E+05	350759	0.001358
286493	2.86E+05	350692	0.001549
285770	2.86E+05	350878	0.001019
286450	2.86E+05	350864	0.001059
287431	2.86E+05	350947	0.0008228
285490	2.85E+05	348958	0.006486
287337	2.86E+05	350634	0.001714
286641	2.86E+05	351013	0.0006349
286770	2.86E+05	350706	0.001509
283871	2.84E+05	348206	0.008627
285964	2.86E+05	350422	0.002318
286527	2.86E+05	350863	0.001062
286443	2.86E+05	351002	0.0006662
286921	2.86E+05	350890	0.0009851
285703	2.86E+05	350389	0.002411
285642	2.86E+05	350722	0.001463
285666	2.86E+05	350698	0.001532
286501	2.86E+05	350093	0.003254
285960	2.86E+05	350893	0.0009766
286134	2.86E+05	350497	0.002104
286621	2.86E+05	350658	0.001646
286714	2.86E+05	350635	0.001711
285961	2.86E+05	350852	0.001093
286660	2.86E+05	350679	0.001586
286385	2.86E+05	350183	0.002998
286363	2.86E+05	350711	0.001495
286855	2.86E+05	350937	0.0008513
285169	2.86E+05	350471	0.002178
285484	2.86E+05	350456	0.002221
285949	2.86E+05	350849	0.001102
285665	2.86E+05	350862	0.001065
286717	2.86E+05	350750	0.001384
286304	2.86E+05	350953	0.0008057
286655	2.86E+05	350991	0.0006975
286124	2.86E+05	350832	0.00115
285692	2.86E+05	350660	0.00164
285795	2.86E+05	350966	0.0007687
286597	2.86E+05	350881	0.001011
285951	2.86E+05	350697	0.001535
285562	2.86E+05	350546	0.001964
286249	2.86E+05	350831	0.001153
285997	2.86E+05	350805	0.001227
286008	2.86E+05	350808	0.001219
285547	2.86E+05	350762	0.00135
285358	2.86E+05	350906	0.0009395
284848	2.84E+05	348193	0.008664
287030	2.86E+05	350757	0.001364
287012	2.86E+05	350912	0.0009225
287338	2.86E+05	350810	0.001213
285847	2.86E+05	350730	0.001441
286455	2.86E+05	350861	0.001068
286452	2.86E+05	350874	0.001031
286500	2.86E+05	350866	0.001053
285642	2.86E+05	350873	0.001033
285925	2.86E+05	350850	0.001099
286576	2.86E+05	350580	0.001868
286577	2.86E+05	350941	0.0008399
285842	2.86E+05	350873	0.001033
285953	2.86E+05	350104	0.003223
285654	2.86E+05	350003	0.00351
285462	2.86E+05	350923	0.0008911
286103	2.86E+05	350719	0.001472
286467	2.86E+05	350908	0.0009338
286838	2.86E+05	350892	0.0009794
285626	2.86E+05	350825	0.00117
286003	2.86E+05	350847	0.001108
285784	2.86E+05	350888	0.0009908
287359	2.86E+05	350938	0.0008484
287256	2.86E+05	350907	0.0009367
286541	2.86E+05	350853	0.00109
286481	2.86E+05	350895	0.0009709
286388	2.86E+05	350909	0.000931
286104	2.86E+05	350730	0.001441
285663	2.86E+05	350628	0.001731
286491	2.86E+05	350876	0.001025
286854	2.86E+05	350961	0.0007829
286441	2.86E+05	350655	0.001654
286259	2.86E+05	350879	0.001016
286726	2.86E+05	350845	0.001113
285789	2.86E+05	350825	0.00117
287337	2.86E+05	350881	0.001011
286933	2.86E+05	350903	0.0009481
286351	2.86E+05	350918	0.0009054
285985	2.86E+05	350703	0.001517
286377	2.86E+05	350727	0.001449
287218	2.86E+05	350906	0.0009395
286111	2.86E+05	350905	0.0009424
286119	2.86E+05	350886	0.0009965
286105	2.86E+05	350915	0.0009139
285775	2.86E+05	350988	0.0007061
286144	2.86E+05	350842	0.001122
286185	2.86E+05	350803	0.001233
286037	2.86E+05	350745	0.001398
286435	2.86E+05	350933	0.0008627
286712	2.86E+05	351005	0.0006577
285816	2.86E+05	350968	0.000763
286402	2.86E+05	350783	0.00129
286962	2.86E+05	350916	0.0009111
286118	2.86E+05	350807	0.001221
285366	2.86E+05	350743	0.001404
286000	2.86E+05	350939	0.0008456
285724	2.86E+05	350896	0.000968
286703	2.86E+05	350904	0.0009452
286543	2.86E+05	350882	0.001008
286302	2.86E+05	350937	0.0008513
286609	2.86E+05	350842	0.001122
286358	2.86E+05	350935	0.000857
286837	2.86E+05	350815	0.001199
286231	2.86E+05	350781	0.001295
285319	2.86E+05	351015	0.0006292
286066	2.86E+05	350570	0.001896
286402	2.86E+05	350684	0.001572
286285	2.86E+05	350829	0.001159
285737	2.86E+05	350661	0.001637
287576	2.86E+05	350944	0.0008313
286469	2.86E+05	350895	0.0009709
286152	2.86E+05	350960	0.0007858
286575	2.86E+05	351002	0.0006662
286145	2.86E+05	350701	0.001523
286242	2.86E+05	350668	0.001617
286233	2.86E+05	350817	0.001193
285781	2.86E+05	350906	0.0009395
286685	2.86E+05	350727	0.001449
286239	2.86E+05	350164	0.003052
286979	2.86E+05	350916	0.0009111
286586	2.86E+05	350930	0.0008712
286534	2.86E+05	350761	0.001352
285800	2.86E+05	350844	0.001116
286043	2.86E+05	350961	0.0007829
286420	2.86E+05	350683	0.001574
286889	2.86E+05	350919	0.0009025
287768	2.86E+05	350956	0.0007972
286481	2.86E+05	350616	0.001765
285998	2.86E+05	350978	0.0007345
286657	2.86E+05	350817	0.001193
286501	2.86E+05	350643	0.001688
287168	2.86E+05	350729	0.001443
286437	2.86E+05	350924	0.0008883
285975	2.86E+05	350902	0.0009509
286767	2.86E+05	350799	0.001244
285759	2.86E+05	350977	0.0007374
286140	2.86E+05	350831	0.001153
286298	2.86E+05	350922	0.000894
286620	2.86E+05	350757	0.001364
286173	2.86E+05	350607	0.001791
287339	2.86E+05	350993	0.0006918
286086	2.86E+05	350893	0.0009766
286813	2.86E+05	350716	0.00148
286557	2.86E+05	350984	0.0007175
286524	2.86E+05	350911	0.0009253
285692	2.86E+05	350641	0.001694
286065	2.86E+05	350954	0.0008029
286281	2.86E+05	350904	0.0009452
286742	2.86E+05	350828	0.001162
286390	2.86E+05	350691	0.001552
286783	2.86E+05	350962	0.0007801
285837	2.86E+05	350866	0.001053
286489	2.86E+05	350670	0.001611
286139	2.86E+05	350704	0.001515
285761	2.85E+05	348700	0.00722
286902	2.86E+05	350779	0.001301
286589	2.86E+05	350251	0.002804
286407	2.86E+05	350921	0.0008968
285781	2.86E+05	350750	0.001384
286197	2.86E+05	350647	0.001677
287112	2.86E+05	350176	0.003018
286908	2.86E+05	350895	0.0009709
285737	2.86E+05	350774	0.001315
287140	2.86E+05	350525	0.002024
286467	2.86E+05	350768	0.001332
286742	2.86E+05	350933	0.0008627
286516	2.86E+05	350790	0.00127
285787	2.86E+05	350405	0.002366
285778	2.86E+05	350903	0.0009481
286467	2.86E+05	350674	0.0016
286622	2.86E+05	350444	0.002255
286495	2.86E+05	350795	0.001256
283743	2.85E+05	349646	0.004527
286605	2.86E+05	350832	0.00115
285342	2.86E+05	350702	0.00152
286349	2.86E+05	350890	0.0009851
286160	2.86E+05	350836	0.001139
286160	2.86E+05	350913	0.0009196
287320	2.86E+05	350933	0.0008627
285731	2.86E+05	350738	0.001418
285820	2.86E+05	350968	0.000763
286444	2.86E+05	350955	0.0008
287836	2.86E+05	350823	0.001176
286823	2.86E+05	350963	0.0007773
287026	2.86E+05	350875	0.001028
287200	2.86E+05	350905	0.0009424
286522	2.86E+05	350944	0.0008313
285987	2.86E+05	350804	0.00123
286143	2.86E+05	350853	0.00109
285938	2.86E+05	350664	0.001629
286179	2.86E+05	350884	0.001002
286009	2.86E+05	350509	0.00207
285846	2.86E+05	350903	0.0009481
286635	2.86E+05	350852	0.001093
287763	2.86E+05	350750	0.001384
287270	2.86E+05	350804	0.00123
286006	2.86E+05	350817	0.001193
286094	2.86E+05	350856	0.001082
286176	2.86E+05	350956	0.0007972
286759	2.86E+05	350801	0.001238
286332	2.86E+05	350912	0.0009225
285975	2.86E+05	350916	0.0009111
286867	2.86E+05	351009	0.0006463
286700	2.86E+05	350871	0.001039
286285	2.86E+05	350908	0.0009338
286392	2.86E+05	350959	0.0007886
287041	2.86E+05	350960	0.0007858
286008	2.86E+05	351003	0.0006634
285543	2.86E+05	350730	0.001441
285686	2.86E+05	350460	0.002209
286207	2.86E+05	350281	0.002719
286271	2.86E+05	350741	0.001409
285687	2.86E+05	350274	0.002739
286265	2.86E+05	350979	0.0007317
285709	2.86E+05	350767	0.001335
285934	2.86E+05	350714	0.001486
286008	2.86E+05	350913	0.0009196
287041	2.86E+05	350836	0.001139
286578	2.86E+05	350615	0.001768
285764	2.86E+05	351013	0.0006349
286765	2.86E+05	350900	0.0009566
286223	2.86E+05	350862	0.001065
285886	2.86E+05	351009	0.0006463
286210	2.86E+05	350983	0.0007203
286313	2.86E+05	351010	0.0006434
286922	2.86E+05	350952	0.0008086
286252	2.86E+05	350816	0.001196
287073	2.86E+05	351024	0.0006036
287079	2.86E+05	350672	0.001606
286069	2.86E+05	350818	0.00119
286289	2.86E+05	351033	0.000578
287426	2.86E+05	350992	0.0006947
286870	2.86E+05	350908	0.0009338
286894	2.86E+05	350980	0.0007289
286313	2.86E+05	350926	0.0008826
286022	2.86E+05	350831	0.001153
287061	2.86E+05	350999	0.0006748
286573	2.86E+05	350872	0.001036
287169	2.86E+05	350876	0.001025
286628	2.86E+05	351013	0.0006349
286488	2.86E+05	350836	0.001139
285648	2.86E+05	350888	0.0009908
286826	2.86E+05	350973	0.0007488
286747	2.86E+05	350817	0.001193
286071	2.86E+05	350449	0.002241
286757	2.86E+05	350903	0.0009481
286644	2.86E+05	350794	0.001258
286536	2.86E+05	350991	0.0006975
285968	2.86E+05	351023	0.0006064
287143	2.86E+05	350928	0.0008769
286191	2.86E+05	350978	0.0007345
286647	2.86E+05	351021	0.0006121
286561	2.86E+05	350956	0.0007972
285918	2.86E+05	350949	0.0008171
287488	2.86E+05	350886	0.0009965
286240	2.86E+05	351066	0.000484
287026	2.86E+05	350955	0.0008
286538	2.86E+05	350832	0.00115
285888	2.86E+05	350929	0.0008741
286092	2.86E+05	350625	0.00174
285848	2.86E+05	350931	0.0008684
286403	2.86E+05	350934	0.0008598
286353	2.86E+05	350801	0.001238
286440	2.86E+05	350988	0.0007061
286609	2.86E+05	350750	0.001384
287366	2.86E+05	350799	0.001244
286307	2.86E+05	350946	0.0008257
286087	2.86E+05	350647	0.001677
286178	2.86E+05	350963	0.0007773
287183	2.86E+05	350909	0.000931
285688	2.86E+05	350878	0.001019
285828	2.86E+05	350960	0.0007858
286637	2.86E+05	350732	0.001435
286149	2.86E+05	350903	0.0009481
285950	2.86E+05	350911	0.0009253
283708	2.84E+05	348518	0.007738
286630	2.86E+05	350778	0.001304
286142	2.86E+05	350697	0.001535
286594	2.86E+05	350778	0.001304
286360	2.86E+05	351006	0.0006548
285905	2.86E+05	350760	0.001355
286283	2.86E+05	350777	0.001307
286487	2.86E+05	350923	0.0008911
286342	2.86E+05	350954	0.0008029
285035	2.84E+05	348220	0.008587
285770	2.85E+05	349609	0.004632
285984	2.86E+05	351030	0.0005865
286504	2.86E+05	350720	0.001469
285582	2.86E+05	350252	0.002802
286738	2.86E+05	350806	0.001224
286221	2.86E+05	351001	0.0006691
285939	2.86E+05	350601	0.001808
285775	2.86E+05	349984	0.003565
285949	2.86E+05	350834	0.001145
289487	2.86E+05	350921	0.0008968
286486	2.86E+05	350669	0.001614
286987	2.86E+05	350851	0.001096
286517	2.86E+05	350912	0.0009225
286651	2.86E+05	350890	0.0009851
286500	2.86E+05	350312	0.002631
286364	2.86E+05	350978	0.0007345
286106	2.86E+05	350788	0.001275
285945	2.86E+05	350841	0.001125
286071	2.86E+05	350551	0.00195
287404	2.86E+05	350774	0.001315
286852	2.86E+05	350796	0.001253
285506	2.86E+05	350263	0.00277
286206	2.86E+05	350241	0.002833
285588	2.86E+05	350935	0.000857
286332	2.86E+05	350403	0.002372
286081	2.86E+05	350645	0.001683
285475	2.86E+05	350004	0.003508
287147	2.86E+05	350718	0.001475
284325	2.84E+05	348429	0.007992
286264	2.86E+05	350775	0.001313
286609	2.86E+05	350814	0.001201
286315	2.86E+05	350717	0.001478
286842	2.86E+05	350700	0.001526
286396	2.86E+05	350526	0.002021
286877	2.86E+05	350725	0.001455
286273	2.86E+05	350651	0.001666
285807	2.86E+05	350764	0.001344
285681	2.86E+05	349962	0.003627
286756	2.86E+05	350817	0.001193
285480	2.86E+05	350712	0.001492
286171	2.86E+05	350686	0.001566
286952	2.86E+05	350757	0.001364
287508	2.86E+05	350841	0.001125
288281	2.86E+05	350856	0.001082
286163	2.86E+05	350902	0.0009509
287066	2.86E+05	350888	0.0009908
289238	2.86E+05	350922	0.000894
285658	2.86E+05	350722	0.001463
286005	2.86E+05	350837	0.001136
285663	2.86E+05	350870	0.001042
286598	2.86E+05	350872	0.001036
286982	2.86E+05	350765	0.001341
285474	2.86E+05	350931	0.0008684
286455	2.86E+05	350982	0.0007232
287110	2.86E+05	350908	0.0009338
286279	2.86E+05	350790	0.00127
286491	2.86E+05	350665	0.001626
286785	2.86E+05	350773	0.001318
286444	2.86E+05	350739	0.001415
286341	2.86E+05	350979	0.0007317
287141	2.86E+05	350954	0.0008029
287110	2.86E+05	350889	0.0009879
286547	2.86E+05	350822	0.001179
286281	2.86E+05	350621	0.001751
287550	2.86E+05	350474	0.002169
285952	2.86E+05	350768	0.001332
284376	2.85E+05	349510	0.004914
286300	2.86E+05	350963	0.0007773
286587	2.86E+05	350942	0.000837
287046	2.86E+05	350930	0.0008712
287611	2.86E+05	350868	0.001048
286351	2.86E+05	350529	0.002013
287457	2.86E+05	350513	0.002058
285892	2.86E+05	350709	0.0015
286768	2.86E+05	350669	0.001614
286680	2.86E+05	350793	0.001261
286013	2.86E+05	350949	0.0008171
288278	2.86E+05	350758	0.001361
286224	2.86E+05	350907	0.0009367
286006	2.86E+05	350467	0.002189
285677	2.86E+05	350394	0.002397
286260	2.86E+05	350457	0.002218
286132	2.86E+05	350645	0.001683
286509	2.86E+05	350875	0.001028
286857	2.86E+05	350915	0.0009139
286147	2.86E+05	350816	0.001196
287759	2.86E+05	350860	0.001071
285131	2.85E+05	349271	0.005595
285451	2.86E+05	350506	0.002078
286486	2.86E+05	350775	0.001313
286773	2.86E+05	350926	0.0008826
286907	2.86E+05	350851	0.001096
286899	2.86E+05	350921	0.0008968
286508	2.86E+05	350738	0.001418
285824	2.86E+05	350362	0.002488
287236	2.86E+05	350667	0.00162
286794	2.86E+05	350819	0.001187
286318	2.86E+05	350606	0.001794
286517	2.86E+05	350942	0.000837
286997	2.86E+05	350871	0.001039
286003	2.86E+05	350633	0.001717
285780	2.86E+05	350785	0.001284
285536	2.86E+05	350077	0.0033
285647	2.86E+05	349869	0.003892
286736	2.86E+05	350783	0.00129
286126	2.86E+05	350814	0.001201
286991	2.86E+05	350893	0.0009766
287004	2.86E+05	351000	0.0006719
285730	2.86E+05	350667	0.00162
286035	2.86E+05	350956	0.0007972
285643	2.86E+05	350514	0.002056
286465	2.86E+05	350161	0.003061
286386	2.86E+05	350795	0.001256
286329	2.86E+05	350592	0.001834
287111	2.86E+05	350970	0.0007573
286195	2.86E+05	350599	0.001814
286184	2.86E+05	350894	0.0009737
287090	2.86E+05	350843	0.001119
286579	2.86E+05	350711	0.001495
286267	2.86E+05	350734	0.001429
285937	2.86E+05	350789	0.001273
287187	2.86E+05	350676	0.001594
