o_hom	e_hom	nm	miss	het	logit_miss
300961	301000	366868	0.001538	0.179647721	-6.475733224
301020	301000	367126	0.0008355	0.18006352	-7.086644361
300874	301000	366913	0.001415	0.179985446	-6.559209746
300889	301000	367095	0.0009199	0.180351135	-6.990325266
300606	301000	366842	0.001608	0.180557297	-6.431154814
301461	301000	367117	0.00086	0.178842167	-7.057717799
300940	301000	366948	0.00132	0.179883798	-6.62880267
302850	301000	367122	0.0008464	0.175069868	-7.073671738
301134	301000	366907	0.001432	0.17926341	-6.547250184
301331	301000	367131	0.0008219	0.179227578	-7.103069587
300618	301000	366918	0.001402	0.180694324	-6.568452507
300973	301000	366998	0.001184	0.179905613	-6.737672041
301421	301000	366832	0.001636	0.178313233	-6.413863701
301168	301000	367079	0.0009634	0.179555355	-6.944077999
300792	301000	366960	0.001287	0.180313931	-6.654153521
301219	301000	366986	0.001217	0.179208471	-6.710148724
301058	301000	367026	0.001108	0.179736585	-6.804090076
300432	301000	367161	0.0007403	0.181743159	-7.207714474
301813	301000	367008	0.001157	0.17763918	-6.760767161
301033	301000	367094	0.0009226	0.179956632	-6.987391761
300944	301000	366988	0.001211	0.179962288	-6.715097081
301500	301000	367133	0.0008165	0.178771726	-7.109666812
301359	301000	367073	0.0009798	0.179021612	-6.927181808
301055	301000	367160	0.000743	0.180044122	-7.204071237
300817	301000	366758	0.001837	0.179794306	-6.297782783
301394	301000	366467	0.002629	0.177568512	-5.938519271
300825	301000	367092	0.0009281	0.18051878	-6.981442541
301722	301000	367200	0.0006341	0.178316993	-7.362669586
300808	301000	367085	0.0009471	0.180549464	-6.961158325
301420	301000	367091	0.0009308	0.178895696	-6.978534893
302881	301000	367117	0.00086	0.174974191	-7.057717799
300527	301000	367130	0.0008246	0.181415302	-7.099787198
305875	301000	367005	0.001165	0.166564488	-6.753868513
302045	301000	367177	0.0006967	0.177385838	-7.268458713
300270	301000	366972	0.001255	0.181763186	-6.679363918
300551	301000	367209	0.0006096	0.181526052	-7.402097768
304729	301000	367058	0.001021	0.169806951	-6.885951218
301969	301000	366724	0.00193	0.176576935	-6.248303411
302454	301000	367178	0.000694	0.176274178	-7.272344357
301760	301000	366717	0.001949	0.177131139	-6.238487957
300497	301000	367185	0.000675	0.18161962	-7.300122639
300623	301000	367088	0.0009389	0.181060127	-6.96986224
300068	301000	367155	0.0007566	0.182721194	-7.185918959
302274	301000	367213	0.0005987	0.176842868	-7.420151041
302033	301000	367154	0.0007593	0.17736699	-7.182354013
300797	301000	367055	0.001029	0.180512457	-6.878138292
301918	301000	367114	0.0008682	0.177590612	-7.048219878
301482	301000	367064	0.001004	0.178666391	-6.902758753
301413	301000	367138	0.0008029	0.179019878	-7.126477162
301068	301000	366990	0.001206	0.179628873	-6.719239453
306016	301000	367144	0.0007865	0.16649598	-7.147131026
303197	301000	367078	0.0009662	0.174025684	-6.941173039
302099	301000	367125	0.0008382	0.177122234	-7.083415271
300890	301000	367028	0.001102	0.180198786	-6.809525961
301603	301000	367145	0.0007838	0.178518024	-7.150572565
303960	301000	367078	0.0009662	0.171947107	-6.941173039
301257	301000	367178	0.000694	0.179534177	-7.272344357
302256	301000	367011	0.001149	0.176438853	-6.76771362
301150	301000	367186	0.0006722	0.179843458	-7.304282217
301596	301000	367096	0.0009172	0.178427441	-6.993267386
300465	301000	367108	0.0008845	0.181535134	-7.029603153
301466	301000	366997	0.001187	0.178560043	-6.735138458
300730	301000	366952	0.001309	0.18046502	-6.637181935
301222	301000	367028	0.001102	0.179294223	-6.809525961
301332	301000	367076	0.0009716	0.179101875	-6.935594289
300920	301000	367027	0.001105	0.180114814	-6.806804333
301604	301000	367053	0.001034	0.178309399	-6.873285968
301179	301000	367171	0.0007131	0.17973097	-7.245175541
300892	301000	366954	0.001304	0.180028014	-6.641013965
300561	301000	367010	0.001151	0.181055012	-6.765972486
301454	301000	367210	0.0006069	0.179069197	-7.406539441
301508	301000	367034	0.001086	0.17852842	-6.824167467
300973	301000	366802	0.001717	0.179467397	-6.365458221
300388	301000	366843	0.001606	0.181153791	-6.432401372
301518	301000	367051	0.00104	0.178539222	-6.867494025
300823	301000	366991	0.001203	0.180298699	-6.721733118
300612	301000	366945	0.001328	0.18077096	-6.622752345
301709	301000	366862	0.001554	0.17759539	-6.465367818
300997	301000	366956	0.001298	0.179746346	-6.645631818
300992	301000	367012	0.001146	0.179885126	-6.770331004
301784	301000	366955	0.001301	0.177599433	-6.643320232
303932	301000	366846	0.001598	0.171499757	-6.437403153
306217	301000	366965	0.001274	0.165541673	-6.66431891
301092	301000	366966	0.001271	0.179509818	-6.666679478
300841	301000	366840	0.001614	0.179912223	-6.427424405
301049	301000	367045	0.001056	0.179803566	-6.852210536
300583	301000	367063	0.001007	0.181113324	-6.899772158
301499	301000	366862	0.001554	0.178167812	-6.465367818
301158	301000	367033	0.001089	0.179479774	-6.821405842
300773	301000	366800	0.001723	0.180008179	-6.361963835
301290	301000	366890	0.001478	0.178800185	-6.515586363
300793	301000	366850	0.001587	0.180065422	-6.444321577
301290	301000	366287	0.003119	0.177448285	-5.767118967
300795	301000	366854	0.001576	0.18006891	-6.451288044
300286	301000	366625	0.002199	0.180945107	-6.117551146
301216	301000	367124	0.000841	0.179525174	-7.080077544
300760	301000	366603	0.002259	0.179603004	-6.090571486
302390	301000	367097	0.0009145	0.176266763	-6.996218172
301901	301000	366882	0.0015	0.177116893	-6.500789045
301258	301000	367043	0.001061	0.179229682	-6.847481856
300815	301000	366843	0.001606	0.179989805	-6.432401372
300876	301000	367106	0.00089	0.180411107	-7.023398699
300212	301000	366949	0.001317	0.18186996	-6.631080988
301435	301000	366934	0.001358	0.178503491	-6.600383327
300930	301000	366964	0.001276	0.179946807	-6.662748279
301464	301000	366919	0.001399	0.178390871	-6.570597604
300823	301000	367015	0.001138	0.180352302	-6.777344295
300510	301000	367056	0.001026	0.181296587	-6.881061006
300941	301000	367053	0.001034	0.180115678	-6.873285968
300664	301000	367017	0.001132	0.180789991	-6.782636658
301014	301000	366962	0.001282	0.179713431	-6.658051098
300792	301000	367156	0.0007539	0.180751506	-7.18949664
301860	301000	367103	0.0008981	0.177723963	-7.014330634
301799	301000	367155	0.0007566	0.178006564	-7.185918959
302217	301000	367021	0.001121	0.176567553	-6.792412506
304103	301000	367145	0.0007838	0.171708725	-7.150572565
300151	301000	367126	0.0008355	0.182430555	-7.086644361
302565	301000	367124	0.000841	0.175850666	-7.080077544
301446	301000	367093	0.0009253	0.178829343	-6.98446682
301495	301000	367012	0.001146	0.178514599	-6.770331004
301823	301000	367076	0.0009716	0.177764278	-6.935594289
301044	301000	367056	0.001026	0.179841768	-6.881061006
303212	301000	366952	0.001309	0.173701193	-6.637181935
301245	301000	367130	0.0008246	0.179459592	-7.099787198
301731	301000	366750	0.001859	0.177284254	-6.28585584
305153	301000	367082	0.0009553	0.168706175	-6.952529374
303397	301000	367093	0.0009253	0.173514613	-6.98446682
302497	301000	367155	0.0007566	0.17610546	-7.185918959
302513	301000	367158	0.0007484	0.176068614	-7.196824283
300945	301000	367131	0.0008219	0.180278974	-7.103069587
301359	301000	367172	0.0007103	0.179242971	-7.24911259
300403	301000	367143	0.0007893	0.18178203	-7.14357447
301760	301000	367109	0.0008818	0.178009801	-7.032663096
301143	301000	367069	0.0009907	0.17960111	-6.916107603
300530	301000	367118	0.0008573	0.181380374	-7.060864975
300438	301000	367081	0.000958	0.181548487	-6.949704321
302183	301000	367150	0.0007702	0.176949476	-7.16808984
301603	301000	366979	0.001236	0.178146433	-6.694638155
300413	301000	367196	0.000645	0.181872896	-7.345615033
300582	301000	367009	0.001154	0.180995561	-6.763366445
303346	301000	367051	0.00104	0.173558988	-6.867494025
301455	301000	367159	0.0007457	0.178952443	-7.200441205
300991	301000	366796	0.001734	0.179404901	-6.355588896
300919	301000	367111	0.0008764	0.180305139	-7.038811166
300812	301000	367070	0.0009879	0.180505081	-6.918940692
301391	301000	367173	0.0007076	0.179158054	-7.252923745
301155	301000	367146	0.0007811	0.179740485	-7.15402597
301237	301000	367057	0.001023	0.179318199	-6.883992268
300611	301000	367030	0.001097	0.180963409	-6.814078496
299977	301000	366608	0.002245	0.181749989	-6.096802234
300593	301000	366956	0.001298	0.180847295	-6.645631818
301651	301000	366907	0.001432	0.177854334	-6.547250184
301886	301000	367080	0.0009607	0.177601613	-6.946887211
300630	301000	367144	0.0007865	0.181165973	-7.147131026
301619	301000	367063	0.001007	0.17829092	-6.899772158
300228	301000	367027	0.001105	0.182000234	-6.806804333
301531	301000	367084	0.0009498	0.178577655	-6.958308871
300694	301000	366896	0.001461	0.180438053	-6.527172078
301512	301000	367110	0.0008791	0.178687587	-7.035732414
300948	301000	367080	0.0009607	0.180156914	-6.946887211
302062	301000	367134	0.0008138	0.177243186	-7.112981791
300915	301000	366883	0.001497	0.179806641	-6.502794052
300956	301000	366865	0.001546	0.179654641	-6.470537133
302795	301000	367127	0.0008328	0.175230915	-7.089883894
301439	301000	366874	0.001521	0.178358237	-6.486865108
300625	301000	367064	0.001004	0.181001133	-6.902758753
300873	301000	367110	0.0008791	0.18042821	-7.035732414
300961	301000	366972	0.001255	0.179880209	-6.679363918
301272	301000	367084	0.0009498	0.179283216	-6.958308871
308159	301000	366963	0.001279	0.160245038	-6.660396938
301285	301000	366901	0.001448	0.178838433	-6.536122936
301037	301000	367069	0.0009907	0.179889884	-6.916107603
301280	301000	366978	0.001238	0.179024356	-6.693019338
301546	301000	367100	0.0009063	0.178572596	-7.00523347
301536	301000	366877	0.001513	0.178100562	-6.492146698
300966	301000	366737	0.001894	0.179341054	-6.267168488
300256	301000	366880	0.001505	0.181596162	-6.497456247
301703	301000	367121	0.0008491	0.178191931	-7.070484132
300619	301000	367074	0.000977	0.18103979	-6.930046428
301318	301000	366880	0.001505	0.178701483	-6.497456247
301016	301000	367092	0.0009281	0.179998474	-6.981442541
300008	3.00E+05	365412	0.0055	0.178987006	-5.197492006
300919	301000	367102	0.0009008	0.180285043	-7.011326095
302776	301000	366556	0.002387	0.17399797	-6.035328078
301489	301000	367112	0.0008736	0.178754712	-7.042013971
299816	299000	364726	0.007367	0.177969215	-4.903350441
301549	301000	366907	0.001432	0.178132333	-6.547250184
301687	301000	367059	0.001018	0.178096709	-6.888896842
301020	301000	367090	0.0009335	0.17998311	-6.975635659
304482	301000	367085	0.0009471	0.170540883	-6.961158325
302866	301000	366786	0.001761	0.174270556	-6.340110897
301146	301000	367000	0.001178	0.179438692	-6.742758499
300198	301000	367044	0.001059	0.182119855	-6.849370651
300480	301000	367123	0.0008437	0.181527717	-7.076869521
301285	301000	366684	0.002038	0.178352478	-6.193746265
300863	301000	367039	0.001072	0.180296917	-6.837156641
301939	301000	366914	0.001413	0.177085094	-6.560626176
301226	301000	367086	0.0009444	0.179412999	-6.964015907
300440	301000	366502	0.002534	0.18025004	-5.975418981
301316	301000	367019	0.001127	0.17901798	-6.787068408
301048	301000	366816	0.001679	0.179294251	-6.38787649
302322	301000	367081	0.000958	0.176416104	-6.949704321
300874	301000	367008	0.001157	0.180197707	-6.760767161
302098	301000	367127	0.0008328	0.17712944	-7.089883894
301349	301000	367156	0.0007539	0.17923444	-7.18949664
301024	301000	367136	0.0008083	0.180074959	-7.119768654
300968	301000	367041	0.001067	0.180015312	-6.841836737
301369	301000	367118	0.0008573	0.179095005	-7.060864975
300439	301000	367019	0.001127	0.181407502	-6.787068408
301029	301000	367128	0.0008301	0.180043473	-7.093133938
301232	301000	366934	0.001358	0.179056724	-6.600383327
303129	301000	366948	0.00132	0.173918375	-6.62880267
301177	301000	367126	0.0008355	0.179635874	-7.086644361
301174	301000	366869	0.001535	0.179069368	-6.477688719
301383	301000	366959	0.00129	0.178701163	-6.651822228
301659	301000	367076	0.0009716	0.178211052	-6.935594289
301212	301000	367047	0.001051	0.179363951	-6.856961634
300657	301000	367164	0.0007321	0.18113704	-7.218861073
300841	301000	367107	0.0008872	0.18050868	-7.026552528
301037	301000	367122	0.0008464	0.180008281	-7.073671738
300296	301000	367110	0.0008791	0.181999946	-7.035732414
300921	301000	366871	0.00153	0.179763459	-6.480956372
301449	301000	367133	0.0008165	0.17891064	-7.109666812
301633	301000	367175	0.0007022	0.178503438	-7.260589848
301604	301000	367214	0.000596	0.178669659	-7.424673713
300797	301000	367148	0.0007757	0.180720037	-7.160968709
301287	301000	367109	0.0008818	0.179298247	-7.032663096
303982	301000	367097	0.0009145	0.171930035	-6.996218172
301306	301000	367117	0.00086	0.179264376	-7.057717799
301188	301000	367138	0.0008029	0.179632727	-7.126477162
300942	301000	367133	0.0008165	0.180291611	-7.109666812
301641	301000	367134	0.0008138	0.178389907	-7.112981791
304798	301000	367110	0.0008791	0.169736591	-7.035732414
301644	301000	367214	0.000596	0.17856073	-7.424673713
301436	301000	367062	0.00101	0.178787235	-6.896794438
302797	301000	367118	0.0008573	0.175205247	-7.060864975
300492	301000	367028	0.001102	0.181283172	-6.809525961
301136	301000	367122	0.0008464	0.179738616	-7.073671738
301950	301000	366935	0.001355	0.177102212	-6.602597906
301936	301000	367164	0.0007321	0.177653583	-7.218861073
300654	301000	367087	0.0009417	0.180973448	-6.966881662
301916	301000	367050	0.001042	0.177452663	-6.865570792
301279	301000	367022	0.001119	0.179125502	-6.794200223
301147	301000	367036	0.00108	0.179516451	-6.829713654
301235	301000	367117	0.00086	0.179457775	-7.057717799
300865	301000	367088	0.0009389	0.180400885	-6.96986224
301165	301000	367050	0.001042	0.179498706	-6.865570792
306352	301000	367000	0.001178	0.165253406	-6.742758499
301587	301000	367103	0.0008981	0.178467624	-7.014330634
305097	301000	367133	0.0008165	0.168974186	-7.109666812
300679	301000	367133	0.0008165	0.181007973	-7.109666812
300405	301000	367026	0.001108	0.181515751	-6.804090076
300932	301000	367132	0.0008192	0.180316616	-7.106362768
300623	301000	367083	0.0009526	0.181048973	-6.955362416
300719	301000	367150	0.0007702	0.180936947	-7.16808984
304782	301000	366966	0.001271	0.169454391	-6.666679478
301208	301000	367076	0.0009716	0.17943968	-6.935594289
300946	301000	366959	0.00129	0.179892032	-6.651822228
301014	301000	367001	0.001176	0.1798006	-6.744459737
300443	301000	367003	0.00117	0.181360915	-6.749580845
301236	301000	367046	0.001053	0.179296328	-6.855058491
304797	301000	366952	0.001309	0.169381827	-6.637181935
301840	301000	367117	0.00086	0.177809799	-7.057717799
301155	301000	367047	0.001051	0.179519244	-6.856961634
301382	301000	367146	0.0007811	0.179122202	-7.15402597
300672	301000	366829	0.001644	0.180348337	-6.408977629
301820	301000	367015	0.001138	0.177635791	-6.777344295
300741	301000	366966	0.001271	0.18046631	-6.666679478
302632	301000	367035	0.001083	0.17546828	-6.826936724
300423	301000	366850	0.001587	0.181074008	-6.444321577
301066	301000	367091	0.0009308	0.179860035	-6.978534893
300830	301000	367100	0.0009063	0.180523018	-7.00523347
301172	301000	366961	0.001285	0.179280632	-6.655710734
301318	301000	367006	0.001162	0.17898345	-6.756449945
300080	301000	366890	0.001478	0.182098177	-6.515586363
300509	301000	366796	0.001734	0.180718983	-6.355588896
301090	301000	367036	0.00108	0.179671749	-6.829713654
302811	301000	366943	0.001334	0.174773739	-6.618238441
301770	301000	367136	0.0008083	0.178043014	-7.119768654
300464	301000	366722	0.001935	0.180676371	-6.245711078
301092	301000	367011	0.001149	0.17961042	-6.76771362
300286	301000	366913	0.001415	0.181588006	-6.559209746
301205	301000	366891	0.001475	0.1790341	-6.5176212
300694	301000	367074	0.000977	0.180835472	-6.930046428
301808	301000	367180	0.0006886	0.178038019	-7.28016117
300535	301000	367080	0.0009607	0.181282009	-6.946887211
300707	301000	367161	0.0007403	0.180994169	-7.207714474
300340	301000	366888	0.001483	0.181385055	-6.512204115
304395	301000	366886	0.001489	0.170328113	-6.508160416
300646	301000	366839	0.001617	0.180441556	-6.42556439
301237	301000	366834	0.00163	0.178819302	-6.417543934
301391	301000	366982	0.001227	0.178730837	-6.70195536
300433	301000	367141	0.0007947	0.181695861	-7.136750857
302753	301000	367086	0.0009444	0.17525321	-6.964015907
305039	301000	366990	0.001206	0.168808414	-6.719239453
300987	301000	366876	0.001516	0.17959474	-6.490162841
304038	301000	366984	0.001222	0.171522464	-6.706043671
305048	301000	367109	0.0008818	0.169053333	-7.032663096
301209	301000	367082	0.0009553	0.179450368	-6.952529374
300384	301000	367161	0.0007403	0.181873892	-7.207714474
307056	301000	366970	0.00126	0.163266752	-6.675382764
301848	301000	367154	0.0007593	0.177870866	-7.182354013
300525	301000	367075	0.0009743	0.1812981	-6.932816519
301663	301000	367070	0.0009879	0.178186722	-6.918940692
300943	301000	367014	0.00114	0.180023105	-6.775586366
300688	301000	367130	0.0008246	0.180976766	-7.099787198
300684	301000	367007	0.001159	0.180713174	-6.759038042
300815	301000	367140	0.0007974	0.180653157	-7.133356405
301760	301000	367057	0.001023	0.177893352	-6.883992268
301417	301000	367124	0.000841	0.178977675	-7.080077544
301740	301000	367182	0.0006831	0.178227691	-7.288185963
302561	301000	366909	0.001426	0.175378636	-6.551454939
300402	301000	366855	0.001573	0.181142413	-6.453196416
304850	301000	367030	0.001097	0.169413944	-6.814078496
300900	301000	366835	0.001628	0.17974021	-6.418773685
301701	301000	367057	0.001023	0.17805409	-6.883992268
301053	301000	366985	0.001219	0.179658569	-6.708504685
300783	301000	367088	0.0009389	0.180624264	-6.96986224
301075	301000	367091	0.0009308	0.179835518	-6.978534893
301292	301000	366781	0.001774	0.178550688	-6.33274282
305759	301000	366566	0.00236	0.165882815	-6.046730871
300937	301000	366840	0.001614	0.179650529	-6.427424405
300546	301000	366922	0.001391	0.180899483	-6.576340398
301124	301000	367079	0.0009634	0.17967522	-6.944077999
304298	301000	366975	0.001246	0.170793651	-6.686570082
301448	301000	367067	0.0009961	0.178765729	-6.910666307
301568	301000	367053	0.001034	0.178407478	-6.873285968
300840	301000	366932	0.001364	0.180120567	-6.595968788
300984	301000	367048	0.001048	0.179987359	-6.859823144
304478	301000	366880	0.001505	0.170088312	-6.497456247
300105	301000	367014	0.00114	0.182306397	-6.775586366
301198	301000	367093	0.0009253	0.179504921	-6.98446682
303421	301000	367097	0.0009145	0.173458241	-6.996218172
301242	301000	367048	0.001048	0.179284453	-6.859823144
301383	301000	367119	0.0008546	0.179059106	-7.064022069
301943	301000	367057	0.001023	0.177394792	-6.883992268
302852	301000	367089	0.0009362	0.174990261	-6.972744791
301889	301000	367135	0.000811	0.177716644	-7.116431175
300754	301000	366958	0.001293	0.180413017	-6.649496343
300085	301000	367102	0.0009008	0.182556892	-7.011326095
300536	301000	367127	0.0008328	0.181384099	-7.089883894
301329	301000	367178	0.000694	0.179338087	-7.272344357
301190	301000	367132	0.0008192	0.179613872	-7.106362768
300873	301000	367095	0.0009199	0.180394721	-6.990325266
302056	301000	367120	0.0008519	0.177228154	-7.067189146
301520	301000	366985	0.001219	0.178386038	-6.708504685
301022	301000	367123	0.0008437	0.180051372	-7.076869521
301036	301000	367199	0.0006369	0.180182953	-7.358260798
301621	301000	367196	0.000645	0.1785831	-7.345615033
301019	301000	367102	0.0009008	0.18001264	-7.011326095
300754	301000	367215	0.0005933	0.180986615	-7.429216909
302408	301000	367047	0.001051	0.176105512	-6.856961634
301485	301000	366826	0.001652	0.178125324	-6.404115238
300817	301000	367101	0.0009036	0.180560663	-7.008219765
300954	301000	367103	0.0008981	0.180191935	-7.014330634
301321	301000	367183	0.0006804	0.179371049	-7.292149066
300708	301000	367130	0.0008246	0.180922289	-7.099787198
300018	301000	367106	0.00089	0.182748307	-7.023398699
301315	301000	367115	0.0008655	0.179235389	-7.051337309
300458	301000	366970	0.00126	0.181246423	-6.675382764
301139	301000	367051	0.00104	0.179571776	-6.867494025
300770	301000	367060	0.001015	0.180597178	-6.891851151
301004	301000	367024	0.001113	0.179879245	-6.799582587
300547	301000	367034	0.001086	0.181146706	-6.824167467
303251	301000	367144	0.0007865	0.174027085	-7.147131026
300478	301000	367187	0.0006695	0.181675822	-7.308309669
301871	301000	367159	0.0007457	0.177819419	-7.200441205
300983	301000	367069	0.0009907	0.180036996	-6.916107603
302336	301000	367023	0.001116	0.17624781	-6.796887792
302308	301000	366996	0.001189	0.176263502	-6.733452954
303745	301000	367018	0.001129	0.172397539	-6.785293356
301260	301000	367188	0.0006668	0.179548351	-7.312353385
301777	301000	367133	0.0008165	0.178017231	-7.109666812
300946	301000	367164	0.0007321	0.180349925	-7.218861073
300775	301000	367122	0.0008464	0.18072194	-7.073671738
306176	301000	366946	0.001325	0.165610199	-6.625016941
300900	301000	366950	0.001315	0.179997275	-6.632602748
301199	301000	366869	0.001535	0.179001224	-6.477688719
300883	301000	367055	0.001029	0.18027816	-6.878138292
303890	301000	366782	0.001772	0.171469701	-6.333872855
301673	301000	367077	0.0009689	0.178175151	-6.938379781
300387	301000	366926	0.00138	0.181341742	-6.584290827
300124	301000	367054	0.001031	0.182343742	-6.876194542
300272	301000	367020	0.001124	0.181864749	-6.789736895
300718	301000	367042	0.001064	0.180698667	-6.844655322
300450	301000	367092	0.0009281	0.181540322	-6.981442541
301072	301000	367061	0.001012	0.179776658	-6.894814196
300957	301000	367133	0.0008165	0.180250754	-7.109666812
300383	301000	367147	0.0007784	0.181845419	-7.157491324
301098	301000	367140	0.0007974	0.179882334	-7.133356405
303307	301000	367080	0.0009607	0.173730522	-6.946887211
300942	301000	367120	0.0008519	0.180262584	-7.067189146
301107	301000	367058	0.001021	0.179674602	-6.885951218
300438	301000	367166	0.0007267	0.18173796	-7.226269856
300732	301000	367034	0.001086	0.180642665	-6.824167467
301848	301000	367196	0.000645	0.177964902	-7.345615033
301915	301000	367194	0.0006505	0.177777959	-7.337118548
300522	301000	367154	0.0007593	0.18148243	-7.182354013
306731	301000	367150	0.0007702	0.164562168	-7.16808984
300854	301000	367003	0.00117	0.180241033	-6.749580845
300536	301000	366849	0.001589	0.180763747	-6.443060128
301841	301000	366992	0.0012	0.177527031	-6.724233002
301021	301000	366986	0.001217	0.179748001	-6.710148724
301754	301000	367191	0.0006586	0.178209706	-7.324735371
301146	301000	367158	0.0007484	0.179791806	-7.196824283
301427	301000	367149	0.0007729	0.179006343	-7.164587685
301124	301000	367074	0.000977	0.179664046	-6.930046428
300655	301000	367045	0.001056	0.180877004	-6.852210536
302429	301000	366860	0.001559	0.175628305	-6.462150472
303329	301000	366976	0.001244	0.17343641	-6.68817851
303135	301000	367042	0.001064	0.174113589	-6.844655322
300447	301000	367103	0.0008981	0.181573019	-7.014330634
301975	301000	367078	0.0009662	0.177354677	-6.941173039
300734	301000	367001	0.001176	0.180563541	-6.744459737
300948	301000	366897	0.001459	0.179747995	-6.528543944
301316	301000	367030	0.001097	0.179042585	-6.814078496
302342	301000	366885	0.001491	0.17592161	-6.506816131
301325	301000	367050	0.001042	0.179062798	-6.865570792
301743	301000	367034	0.001086	0.177888152	-6.824167467
300876	301000	367011	0.001149	0.180198959	-6.76771362
301034	301000	367110	0.0008791	0.179989649	-7.035732414
301518	301000	366850	0.001587	0.178089137	-6.444321577
302704	301000	366817	0.001676	0.174781976	-6.389667871
